0: 27,85,24,61,79
6: 76,39,46,43,72,8
7: 36,72,94,35,13,52
8: 23,74,6,46,72,52
9: 13,52,18,17,50,88
10: 85,28
11: 78,56,107,105
12: 97,53,96,58,23
13: 52,9,7,92,17
14: 75,101,49,70,38
15: 57,100,93,59,62,34
16: 64,65,36
17: 69,13,9,68,88
18: 52,9,74,97,98
19: 22,37,44,32,90,47
20: 22,54,87
21: 29,99,84,48,39,45
22: 37,19,47,54,87,20
23: 74,8,59,97,96,12
24: 83,51,61,79,0
25: 60,50,98,58,32,102
26: 64,65,99,39,43
27: 0,85,55,61,86,44
28: 85,37,44,10
29: 21,84,48
30: 48,103,80,31,108,45
31: 80,30,103,70,38,73
32: 19,90,58,25,47,102
33: 75,51
34: 55,62,61,57,15,51
35: 81,36,7,92
36: 106,7,94,16,65,35
37: 22,44,19,28,87
38: 70,31,14,101,73
39: 76,6,45,21,99,26,43
40: 69,82,68
41: 54,95
42: 47,102,54,60,78,95
43: 106,72,26,65,39,6
44: 37,19,90,86,27,28
45: 76,39,48,30,21,108
46: 76,6,66,8,59
47: 102,42,54,22,19,32
48: 30,29,21,45
49: 70,14
50: 60,25,98,9,88
51: 24,33,57,61,34
52: 13,9,18,7,72,74,8
53: 96,58,86,12,55,90
54: 47,42,22,20,41
55: 62,61,34,53,96,86,27
56: 88,107,60,78,11
57: 15,100,75,101,51,34
58: 97,53,12,25,98,32,90
59: 23,66,46,15,93
60: 25,50,56,88,102,42,78
61: 55,34,24,51,27,0
62: 55,34,15,96
63: 70,67,103
64: 16,71,26,65,99
65: 64,16,26,106,36,43
66: 80,108,76,46,93,59
67: 104,103,63
68: 107,40,69,17
69: 40,92,82,17,68
70: 49,63,38,31,14
71: 64,99,84
72: 106,43,7,94,6,8,52
73: 100,93,38,31,101
74: 23,8,52,18,97
75: 14,33,101,57
76: 39,6,45,46,66,108
77: 81,82
78: 11,95,60,56,42
79: 89,91,24,83,0
80: 66,31,108,30
81: 35,77
82: 40,69,92,77
83: 24,91,79
84: 29,21,99,71
85: 27,0,28,10
86: 53,55,27,44,90
87: 22,37,20
88: 56,9,17,60,50
89: 91,79
90: 44,19,32,53,58,86
91: 89,79,83
92: 69,82,35,13
93: 73,15,100,66,59
94: 106,36,7,72
95: 78,42,41
96: 53,12,23,55,62
97: 58,12,23,74,18,98
98: 25,50,18,97,58
99: 21,84,64,71,26,39
100: 57,73,15,93,101
101: 14,75,38,57,73,100
102: 47,42,60,25,32
103: 67,30,63,31
104: 67
105: 11
106: 36,43,72,94,65
107: 56,68,11
108: 66,80,30,76,45