0: 9,96,68,17,50,84
6: 34,29,69,61,32,42
7: 19,51,38,12,24,92,98
8: 24,99,92,95
9: 0,96,68,75,105,74,15
10: 36,53,68,27,86,84
11: 67,100
12: 40,82,51,7,24
13: 50,52,67
14: 97,94,102,87,104
15: 36,103,105,9,68
16: 35,72,43,34,61,46
17: 41,100,0,96,50,67
18: 90,79,30,33,48
19: 51,7,38,65,106,59
20: 62,70,85,81
21: 89,23
22: 71,39,57,76,91
23: 80,44,45,93,21
24: 8,99,12,7,92
25: 26,54,33
26: 25,87,104,33,48,58
27: 39,52,86,10,84
28: 80,74,89,96,47,41
29: 6,69,106,58
30: 18,79,48,65,40,51
31: 42,75,61,46,44,80,74
32: 59,6,106,42,105
33: 25,26,18,48
34: 6,69,97,35,16,61
35: 72,77,16,97,94,88,34
36: 10,53,103,15,68
37: 92,98,53,71,95,86
38: 19,7,59,98,103
39: 27,52,86,22,76
40: 12,82,79,30,78,51
41: 47,17,100,28,96
42: 31,75,105,6,61,32
43: 72,16,85,46,56
44: 56,45,46,31,80,23
45: 56,44,64,66,93,23
46: 61,43,16,56,44,31
47: 41,100,28,89,60
48: 65,58,33,26,18,30
49: 102
50: 13,84,0,17,67
51: 19,7,30,65,40,12
52: 39,27,13,76,101
53: 36,10,103,37,98,86
54: 83,25
55: 88,77
56: 44,45,64,43,70,85,46
57: 22,91
58: 48,65,26,87,29,69
59: 32,106,19,38,103
60: 89,47
61: 46,16,34,6,31,42
62: 20,85,72,77
63: 104,102
64: 56,45,70,73,66
65: 48,58,30,106,19,51
66: 93,45,64
67: 11,17,13,50
68: 9,0,36,10,15,84
69: 34,6,29,87,97,58
70: 20,85,81,73,56,64
71: 22,95,37,86
72: 35,77,43,16,62,85
73: 70,81,64
74: 80,28,31,75,9,96
75: 31,42,105,74,9
76: 91,101,22,39,52
77: 35,72,55,88,62
78: 90,79,40
79: 18,90,30,78,40
80: 23,28,74,44,31
81: 20,70,73
82: 40,12,99
83: 54
84: 50,10,0,68,27
85: 20,62,70,72,43,56
86: 39,27,37,10,53,71
87: 26,104,14,58,69
88: 94,55,35,77
89: 21,28,47,60
90: 18,79,78
91: 76,22,57
92: 37,98,7,24,8,95
93: 66,45,23
94: 97,14,102,88,35
95: 71,8,92,37
96: 9,0,28,74,41,17
97: 14,94,35,34,69
98: 92,37,7,38,53
99: 24,8,82
100: 47,41,17,11
101: 76,107,52
102: 14,94,49,63
103: 36,53,15,38,59
104: 26,87,63,14
105: 42,75,32,15,9
106: 29,65,19,32,59
107: 101