0: 109,167,208,55,27,121,137
6: 76,46,39,173,115,43,202
7: 94,35,141,92,139,164
8: 23,74,46,170,115,196,52
9: 88,126,176,13,155,50,199
10: 118,134
11: 105,149,163
12: 180,172,58,189,157,53
13: 17,164,155,18,9,176
14: 49,101,206,75,158
15: 187,93,100,143,96,157,62
16: 146,36,65,106
17: 13,139,164,69,174,176
18: 13,164,155,141,160,132
19: 117,156,185,32,133,142
20: 22,175,87
21: 110,48,29,190,26,45
22: 37,125,179,87,123,20
23: 74,8,186,96,46,170,143
24: 61,51,83,79,116,109
25: 50,140,126,102,120,60
26: 161,45,21,110,99,169
27: 121,86,162,55,154,0
28: 136,178,37,123
29: 48,21,110
30: 190,171,128,122,103,166
31: 38,159,63,166,70
32: 133,153,19,125,142,183,179
33: 75,145,192
34: 62,154,53,61,55,207
35: 94,7,36,151,81,92
36: 16,106,151,94,35,188
37: 147,22,191,178,28,123
38: 31,101,159,129,206
39: 161,45,173,212,148,76,6
40: 69,174,68,209
41: 95,54,47,42,131
42: 78,182,60,47,102,41
43: 72,115,135,196,202,111,6
44: 117,156,90,86,162,112,147
45: 161,39,26,212,21,194
46: 76,6,195,170,115,23,8
47: 102,153,42,183,41
48: 104,122,29,21,190
49: 119,70,14,206
50: 152,25,140,199,9,126
51: 24,61,150,145,83,192
52: 160,132,97,196,74,8
53: 157,62,154,34,12,189,86
54: 41,95,131,200
55: 61,154,34,0,109,27
56: 88,126,107,78,60,149
57: 73,145,158,204,187,150,130
58: 12,172,189,98,127,90,185
59: 66,170,201,93,143
60: 78,42,25,56,126,102
61: 24,51,150,55,207,34,109
62: 157,34,53,187,15,130,207
63: 197,70,31
64: 165,65,146
65: 113,168,106,165,64,16,146
66: 80,181,108,59,203,211,201,93
67: 122,197,103
68: 144,107,40,174,88,176
69: 82,40,174,77,17,139
70: 119,49,63,31,206
71: 165,99,84
72: 43,135,196,94,141,160
73: 158,57,204,101,129,80
74: 23,8,186,138,52,132,97
75: 33,14,158
76: 46,6,195,148,39,181,203
77: 81,92,82,69
78: 42,182,60,56,149,163
79: 91,83,198,24,116
80: 66,108,129,73,93
81: 77,92,151,35
82: 69,77
83: 192,198,24,51,79
84: 110,71,99
85: 124,134,112,208,121,118
86: 27,162,154,53,189,44,90
87: 123,22,20
88: 56,9,126,176,107,68
89: 91,210
90: 117,44,185,58,189,86
91: 79,116,210,89
92: 77,81,35,7,139
93: 15,100,143,66,80,59
94: 35,188,7,141,36,72,135
95: 41,54,182
96: 23,186,205,15,143,157,180
97: 52,132,74,138,193,152,184
98: 140,127,58,185,133,120
99: 71,165,84,110,26,113,169
100: 187,93,15,204
101: 38,129,206,14,73,158
102: 47,153,120,25,42,60
103: 197,166,67,122,30
104: 48,122
105: 11,149,144,107
106: 65,168,111,16,36,135,188
107: 144,68,56,88,105,149
108: 66,80,211,128,159,129
109: 0,116,167,24,61,55
110: 84,21,29,99,26
111: 114,168,106,43,135,202
112: 124,85,121,162,44,147
113: 65,168,169,165,99
114: 168,169,111,173,202
115: 43,196,46,6,8
116: 109,167,24,91,79
117: 156,44,19,90,185
118: 10,137,208,134,85
119: 49,70
120: 102,133,153,25,98,140
121: 27,162,0,208,85,112
122: 104,48,67,103,190,30
123: 87,37,22,28
124: 136,134,85,178,112,147
125: 22,191,142,32,179
126: 56,9,88,25,50,60
127: 152,98,140,58,193
128: 30,171,166,159,108,211
129: 101,38,159,80,108,73
130: 150,207,57,187,62
131: 175,183,179,200,41,54
132: 160,52,97,74,155,18,184
133: 32,153,120,98,19,185
134: 124,136,85,10,118
135: 72,43,111,106,94,188
136: 124,134,178,28
137: 118,0,210,167,208
138: 74,186,205,97,172,193
139: 17,164,7,92,69
140: 152,25,50,98,127,120
141: 94,7,72,160,164,18
142: 125,191,156,19,32
143: 93,15,59,170,23,96
144: 107,68,209,105
145: 158,57,33,51,150
146: 16,64,65
147: 37,191,156,44,124,178,112
148: 194,171,39,212,181,76
149: 105,11,163,56,107,78
150: 61,51,130,207,145,57
151: 36,35,81
152: 50,140,127,184,199,97,193
153: 47,102,32,133,120,183
154: 34,53,55,27,86
155: 13,18,132,184,199,9
156: 117,44,19,147,191,142
157: 62,53,15,96,12,180
158: 73,145,57,14,101,75
159: 31,38,129,166,128,108
160: 52,132,72,196,141,18
161: 39,26,45,173,169
162: 27,121,86,44,112
163: 11,149,78,182
164: 17,13,139,18,7,141
165: 71,99,64,65,113
166: 103,30,128,31,159
167: 0,116,109,210,137
168: 114,65,113,169,111,106
169: 114,113,168,99,161,26,173
170: 46,195,201,59,143,23,8
171: 190,194,30,128,148
172: 12,180,58,193,205,138
173: 161,39,114,169,6,202
174: 40,69,17,176,68
175: 131,179,200,20
176: 9,88,17,13,174,68
177: 200
178: 124,136,147,37,28
179: 175,183,131,32,125,22
180: 12,172,96,205,157
181: 66,203,211,148,76
182: 78,42,163,95
183: 131,179,47,32,153
184: 152,199,132,97,155
185: 117,19,90,58,98,133
186: 23,74,96,205,138
187: 15,100,57,204,130,62
188: 94,106,36,135
189: 12,58,53,86,90
190: 194,30,171,48,122,21
191: 147,37,125,142,156
192: 83,198,33,51
193: 172,138,97,152,127
194: 190,171,148,45,212
195: 76,46,170,201,203
196: 72,115,43,8,160,52
197: 63,103,67
198: 83,192,79
199: 152,50,184,155,9
200: 175,131,54,177
201: 195,170,66,59,203
202: 43,173,114,111,6
203: 66,181,211,76,195,201
204: 73,57,187,100
205: 186,96,138,180,172
206: 101,38,49,70,14
207: 61,150,130,62,34
208: 0,121,118,137,85
209: 144,40
210: 167,91,89,137
211: 66,181,108,203,128
212: 39,45,194,148