0: 27,85,118,116,137,109
6: 76,46,114,39,115,43,8
7: 94,35,72,141,92,13,139
8: 23,59,46,6,115,74
9: 88,126,18,17,13,50
10: 134,136,118
11: 78,149
12: 53,127,58,90,138,96
13: 17,139,7,141,18,9
14: 101,75,49,38
15: 130,93,100,96,143,62
16: 146,65,36
17: 69,13,139,68,88,9
18: 141,52,74,97,13,50,132,9
19: 117,142,32,133,125
20: 54,22,87
21: 39,26,110,45,29,48
22: 37,123,125,20,87
23: 97,8,96,143,74,138
24: 83,51,61,116,79,109
25: 120,140,126,102,60
26: 39,21,110,113,99,114
27: 121,85,0,55,86,109
28: 136,124,112,147,37,123
29: 48,21,110
30: 48,103,122,45,128,148
31: 70,38,63,103,129,128
32: 47,102,131,133,19,125
33: 75,145,83
34: 51,57,145,130,61
35: 94,36,7,77,81,92
36: 94,35,16,106
37: 147,123,22,125,28
38: 31,70,129,73,14,101
39: 21,26,45,76,6,114
40: 82,69,68,144
41: 95,42,54
42: 78,95,60,47,41
43: 115,111,135,72,6,114
44: 117,142,86,90,121,112
45: 39,21,48,30,148,76
46: 76,6,66,8,59
47: 102,32,131,42
48: 30,122,104,29,21,45
49: 119,70,14
50: 140,132,18,9,126
51: 24,83,34,145,61
52: 141,74,18,115,72
53: 12,90,96,55,62,86
54: 20,131,41
55: 62,61,86,53,27
56: 88,107,126,78,60,149
57: 101,75,145,130,100,34
58: 12,127,90,120,98,117,133
59: 8,143,66,46,93
60: 78,42,25,56,126,102
61: 55,24,51,34,109
62: 55,130,15,96,53
63: 67,103,31
64: 65,113,99,71
65: 64,113,16,146,106,111
66: 80,108,76,46,93,59
67: 63,104,103,122
68: 88,107,17,69,40,144
69: 17,92,139,77,82,40,68
70: 31,38,119,49
71: 84,64,99
72: 115,135,43,94,7,141,52
73: 80,129,38,101,93,100
74: 52,18,115,23,97,8
75: 14,101,57,33,145
76: 46,6,39,45,66,108,148
77: 81,35,69,92,82
78: 11,95,60,42,149,56
79: 116,24,83,91
80: 66,129,108,128,73,93
81: 77,35
82: 40,77,69
83: 24,51,33,79
84: 71,110,99
85: 27,121,0,118,112,134,124
86: 55,53,90,27,121,44
87: 123,22,20
88: 56,68,107,9,126,17
89: 116,137,91
90: 12,53,58,86,117,44
91: 89,79
92: 69,139,35,7,77
93: 15,100,66,80,73,59
94: 35,36,7,106,135,72
95: 78,42,41
96: 23,143,15,62,12,53,138
97: 23,74,18,127,138,132
98: 120,140,132,127,58
99: 64,113,84,71,26,110
100: 130,93,15,73,101,57
101: 14,75,57,38,73,100
102: 47,32,133,120,25,60
103: 30,122,67,63,31,128
104: 67,48,122
105: 107,149
106: 111,135,65,94,36
107: 56,68,88,144,149,105
108: 66,80,128,148,76
109: 116,24,61,27,0
110: 21,26,84,29,99
111: 106,135,43,65,113,114
112: 121,85,142,44,28,124,147
113: 64,65,99,26,114,111
114: 6,39,26,113,111,43
115: 72,43,6,8,52,74
116: 89,79,137,109,24,0
117: 142,44,19,58,90,133
118: 85,0,137,10,134
119: 49,70
120: 25,98,140,58,102,133
121: 27,85,112,86,44
122: 48,103,30,104,67
123: 37,22,28,87
124: 28,134,136,85,112
125: 37,22,19,32,131
126: 56,88,9,25,50,140,60
127: 12,58,138,97,98,132
128: 80,129,108,148,103,30,31
129: 80,128,73,31,38
130: 15,100,57,34,62
131: 47,32,125,54
132: 50,98,140,97,18,127
133: 102,32,58,120,117,19
134: 10,136,124,85,118
135: 106,111,72,43,94
136: 10,28,134,124
137: 89,116,0,118
138: 12,127,23,97,96
139: 17,69,92,13,7
140: 120,25,50,98,132,126
141: 52,18,72,7,13
142: 117,44,19,112,147
143: 23,59,96,15
144: 40,68,107
145: 75,57,33,51,34
146: 16,65
147: 37,112,142,28
148: 108,128,30,45,76
149: 78,11,56,107,105