0: 96,68,50,84,17
6: 34,29,69,61,32,106,42
7: 92,98,12,38,109,24
8: 24,99,92,95
9: 75,105,74,112,96
10: 36,53,68,27,86,84
11: 67,123
12: 40,82,51,109,24,7
13: 50,67,117
14: 97,94,102,104,87
15: 32,59,105,36,103,112
16: 61,46,114,43,34
17: 67,123,0,41,50
18: 30,79,33,90,48
19: 38,109,65,51,59,106
20: 62,111,115,81
21: 89,23,60
22: 57,113,71,120,39,76,91
23: 21,122,93,45,118
24: 8,99,12,82,92,7
25: 26,54,33
26: 25,104,87,33,48,58
27: 39,52,86,10,84
28: 41,74,118,89,96,47
29: 6,69,65,58,106
30: 18,79,48,110,51
31: 61,46,44,42,75,80,74
32: 59,106,15,6,42,105
33: 83,54,25,26,18,48
34: 6,69,97,114,61,16
35: 114,88,77,97,94
36: 10,53,103,15,112,68
37: 92,98,53,113,95,120
38: 19,109,59,98,7,103
39: 27,52,86,120,22,76
40: 12,82,51,79,119
41: 28,100,96,47,17,123
42: 75,105,6,61,31,32
43: 72,85,46,16,56
44: 56,116,122,46,31,80
45: 66,93,64,116,122,23
46: 61,16,31,43,56,44
47: 60,89,28,41,100
48: 58,110,33,26,18,30
49: 88,102
50: 13,84,0,67,17
51: 40,12,30,110,19,109
52: 39,27,76,117
53: 36,10,103,37,98,86
54: 83,33,25
55: 77,88
56: 44,116,43,111,70,85,46,64
57: 22,91
58: 48,65,110,26,87,29,69
59: 32,106,15,19,38,103
60: 47,21,89
61: 46,16,31,34,6,42
62: 20,77,115
63: 102,104
64: 66,45,70,73,56,116
65: 58,110,29,19,106
66: 93,64,45,121
67: 11,17,123,13,50
68: 112,0,36,10,84
69: 34,6,29,87,97,58
70: 111,73,81,56,64
71: 113,95,22
72: 114,43,77,115,85
73: 81,70,64
74: 80,118,31,9,75,96,28
75: 9,42,105,31,74
76: 91,101,39,52,22
77: 55,88,62,35,72
78: 119
79: 18,30,90,119,40
80: 74,118,31,44,122
81: 73,20,111,70
82: 40,12,24,99
83: 33,54
84: 50,10,0,68,27
85: 111,115,72,43,56
86: 39,27,10,53,120
87: 26,104,14,58,69
88: 49,55,77,94,35
89: 21,118,28,60,47
90: 18,79
91: 76,101,107,57,22
92: 37,98,7,24,8,95
93: 66,45,23
94: 97,14,88,102,35
95: 113,71,8,92,37
96: 0,9,74,28,41
97: 14,94,35,34,69
98: 92,37,7,38,53,103
99: 24,8,82
100: 41,47,123
101: 76,91,107,108
102: 49,63,104,14,94
103: 36,53,38,59,15,98
104: 26,87,63,102,14
105: 9,42,75,32,15,112
106: 32,59,65,6,29,19
107: 91,101,108
108: 101,107,117
109: 19,38,12,51,7
110: 48,65,58,30,51
111: 115,70,85,20,81,56
112: 68,15,9,105,36
113: 71,95,120,37,22
114: 35,72,34,16
115: 111,85,62,20,72
116: 56,44,122,64,45
117: 52,13,108
118: 80,74,122,89,23,28
119: 78,79,40
120: 113,37,39,86,22
121: 66
122: 44,116,45,80,118,23
123: 11,67,17,41,100