0: 146,150,17,50,238
6: 32,42,241,225,34,171,172
7: 226,149,232,161,8,92,242
8: 144,24,232,7,92,139,95
9: 112,205,15,68,153,150
10: 163,27,219,153,36,195
11: 148,198,199
12: 210,40,140,82,161
13: 67,141,50,117,201,179,184
14: 97,94,87,102,104,151
15: 112,9,178,245,105,215,213,68
16: 135,114,142,173,72,209
17: 123,41,50,238,0,67
18: 83,132,90,30,79
19: 217,180,239,106,59
20: 130,169,177
21: 194,207,247
22: 91,138,120,163,76,39
23: 207,189,243,118,182,89
24: 144,8,99,232,82
25: 185,230,63,104
26: 237,170,185,244,58,176
27: 163,10,195,84,39,52
28: 118,204,74,168,89
29: 145,106,196,58,176,69,65
30: 79,124,18,132,48,110
31: 204,154,44,190,61,80
32: 6,42,241,106,196,191,59
33: 185,230,127,212,237
34: 142,248,156,225,6,171
35: 97,94,88,162,173,114
36: 68,221,53,10,219,153
37: 86,120,98,92,242,139,234
38: 226,149,109,157,217,167
39: 76,52,120,163,27,22
40: 12,210,250,124,231,140,165
41: 123,17,238,96,158,211,235
42: 32,6,171,172,191,105
43: 222,209,135,152,46
44: 46,190,174,116,80,31
45: 174,188,214,116,136
46: 44,190,43,56,222,152,116
47: 143,100,60,199,228
48: 170,132,176,30,110,65
49: 147,88,102,94
50: 17,0,146,201,67,13
51: 165,157,233,145,239
52: 76,137,39,27,84,227
53: 167,236,98,36,103,221,86,219
54: 127,230
55: 128,181
56: 222,249,136,46,116
57: 134,186,200,126
58: 176,151,69,244,26,29
59: 191,178,106,32,19,180
60: 194,143,47
61: 190,125,172,133,154,31
62: 224,130
63: 25,102,104
64: 121,73,218,136,188
65: 110,233,48,170,176,145,29
66: 223,160,246,218,93
67: 141,13,123,17,50,198
68: 36,213,221,112,9,15,153
69: 58,151,220,225,29,196,241
70: 216,136,81,206,240,73
71: 113,139,95,202,126
72: 77,173,115,16,85,209
73: 121,64,81,70
74: 164,96,204,129,28,168,158
75: 133,215,129,154,112,205,164
76: 137,39,52,91,22,101
77: 162,173,72,181,224,130,115
78: 90,119,131
79: 30,119,124,18,90
80: 174,122,44,204,31,118
81: 240,70,73
82: 232,161,12,210,99,24
83: 18,132,208
84: 195,146,27,52,227,201
85: 222,209,249,72,115,111
86: 37,120,98,53,163,219
87: 104,244,14,151
88: 147,49,128,94,35,162
89: 143,168,118,28,207,23,194
90: 78,18,79
91: 138,22,76,186,101,187
92: 242,139,7,8,37
93: 223,66
94: 97,35,14,49,88,102
95: 144,8,139,71
96: 74,164,158,41,238
97: 94,35,14,151,220,114
98: 167,53,149,242,86,37
99: 82,24
100: 143,168,158,211,228,47
101: 107,187,91,76,137,108
102: 104,63,49,94,14
103: 213,221,180,178,236,53
104: 87,102,63,185,25,14
105: 133,215,42,172,191,245,15
106: 145,29,196,32,19,239,59
107: 101,187,203,193,192,166
108: 159,193,179,137,117,101
109: 140,157,161,226,38
110: 65,233,48,30,124,231,165
111: 169,115,206,85,249,216
112: 205,9,15,75,215,68
113: 71,139,138,200,234
114: 16,142,97,35,173,220,156
115: 130,169,111,77,72,85
116: 174,45,56,136,46,44
117: 227,201,137,13,108,179
118: 28,182,122,80,204,23,89
119: 79,124,78,131,250
120: 86,37,163,138,22,234,39
121: 64,229,73,218
122: 174,214,80,118,182
123: 41,17,199,235,67,198
124: 30,79,119,231,110,40,250
125: 152,171,172,248,190,61
126: 202,71,200,57
127: 208,212,54,230,33
128: 55,181,147,88,162
129: 204,154,75,74,164
130: 169,115,62,224,20,77
131: 78,119,210,250
132: 83,18,212,237,48,170,30
133: 105,75,215,172,61,154
134: 57,186,187,203,183
135: 16,142,248,43,209,152
136: 216,70,56,249,64,188,45,116
137: 76,52,117,227,101,108
138: 91,22,200,234,120,113,186
139: 92,8,37,95,71,113,234
140: 109,165,157,231,12,40,161
141: 67,13,148,198,184
142: 16,135,114,34,248,156
143: 168,89,100,194,60,47
144: 24,8,95
145: 106,29,65,233,51,239
146: 0,195,84,150,50,201
147: 49,88,128
148: 11,198,141
149: 226,7,38,167,98,242
150: 0,195,146,205,9,153
151: 58,69,87,244,97,14,220
152: 125,135,248,43,46,190
153: 10,36,68,9,195,150
154: 204,129,31,61,133,75
155: 223,160,214,182,175,243
156: 220,225,114,142,34
157: 140,109,165,51,217,239,38
158: 168,100,74,96,41,211
159: 193,108,179,197
160: 223,66,155,218,188,214
161: 232,82,12,140,109,226,7
162: 77,173,88,128,181,35
163: 27,10,219,86,120,22,39
164: 74,96,75,129,205,238
165: 140,157,51,231,110,233,40
166: 192,107,193,197
167: 236,98,53,217,149,38
168: 143,89,100,158,28,74
169: 130,115,111,20,177,206
170: 237,48,26,132,176,65
171: 125,172,34,248,6,42
172: 171,125,6,42,61,105,133
173: 162,77,72,35,16,114
174: 122,45,116,80,44
175: 189,243,223,155
176: 58,48,170,26,65,29
177: 206,240,20,169
178: 191,59,245,180,236,103,213,15
179: 159,108,117,13,184
180: 19,217,59,178,236,103
181: 55,128,224,162,77
182: 118,122,214,155,243,23
183: 134,203,192
184: 141,13,179
185: 33,25,104,244,26
186: 57,134,91,138,200,187
187: 107,101,203,91,134,186
188: 45,214,136,64,218,160
189: 207,175,243,23
190: 46,44,61,152,125,31
191: 59,178,245,32,42,105
192: 166,107,203,183
193: 159,108,107,166,197
194: 60,21,207,143,89
195: 84,146,150,27,10,153
196: 106,29,69,32,241
197: 159,193,166
198: 11,148,123,199,67,141
199: 235,228,123,47,11,198
200: 138,113,126,57,186
201: 117,227,84,146,50,13
202: 126,71
203: 107,187,134,183,192
204: 129,154,31,80,118,28,74
205: 112,9,75,164,150,238
206: 177,240,169,111,216,70
207: 189,23,89,194,21
208: 127,212,83
209: 43,85,222,72,16,135
210: 12,40,250,131,82
211: 235,228,100,158,41
212: 127,208,33,132,237
213: 103,68,221,178,245,15
214: 188,122,45,155,160,182
215: 105,133,75,112,15
216: 136,70,111,206,249
217: 19,180,239,157,38,167,236
218: 121,64,246,188,66,160
219: 163,10,53,36,86
220: 156,225,97,151,69,114
221: 36,103,213,68,53
222: 43,56,85,209,249,46
223: 66,155,160,93,175
224: 62,181,77,130
225: 220,156,69,34,6,241
226: 7,149,38,109,161,242
227: 117,201,84,137,52
228: 211,199,235,100,47
229: 121,246
230: 33,25,54,127
231: 124,110,40,140,165
232: 82,161,7,24,8
233: 110,65,145,165,51
234: 138,139,37,120,113
235: 211,199,228,123,41
236: 167,53,217,180,178,103
237: 170,26,212,33,132
238: 41,17,205,164,96,0
239: 19,217,145,106,157,51
240: 81,177,206,70
241: 32,6,69,225,196
242: 92,226,7,149,98,37
243: 175,189,23,155,182
244: 87,185,26,58,151
245: 191,178,105,213,15
246: 229,218,66
247: 21
248: 135,142,34,152,171,125
249: 56,85,222,111,216,136
250: 210,40,119,124,131