0: 84,96,9,68,17,50
6: 34,29,69,61,32,42
7: 19,51,12,24,92,98
8: 24,99,92,95
9: 0,96,68,15,75,74
10: 36,53,84,68,27,86
11: 67,100
12: 40,82,51,7,24
13: 50,52,67
14: 97,94,63,102,87
15: 32,38,59,75,36,9,68
16: 46,61,35,72,43,34
17: 41,100,0,96,50,67
18: 90,79,30,33
19: 51,7,30,65,29,59
20: 62,70,85,81
21: 89,23
22: 71,39,57,76,91
23: 80,44,45,93,21
24: 8,99,12,7,92
25: 26,54,33
26: 25,87,33,63,48,58
27: 39,52,86,10,84
28: 80,74,89,96,47,41
29: 6,69,65,58,19,32,59
30: 18,79,48,65,40,19,51
31: 42,75,74,46,61,44,80
32: 15,59,6,29,42,75
33: 25,26,18,48
34: 6,69,97,35,16,61
35: 72,77,97,94,88,34,16
36: 10,53,15,38,68
37: 92,98,53,71,95
38: 15,59,98,36,53
39: 27,52,86,22,76
40: 12,82,79,30,78,51
41: 47,17,100,28,96
42: 31,75,6,61,32
43: 72,85,16,46,56
44: 56,45,46,31,80,23
45: 56,44,64,66,93,23
46: 16,61,43,56,44,31
47: 41,100,28,89,60
48: 65,58,33,26,30
49: 102
50: 13,84,0,17,67
51: 19,7,30,40,12
52: 39,27,13,76,101
53: 36,10,38,37,98,86
54: 83,25
55: 88,77
56: 44,45,64,43,70,85,46
57: 22,91
58: 48,65,26,87,29,69
59: 32,15,38,29,19
60: 89,47
61: 16,46,34,6,31,42
62: 20,85,72,77
63: 14,94,102,26,87
64: 56,45,70,73,66
65: 48,58,30,29,19
66: 93,45,64
67: 11,17,13,50
68: 84,0,9,15,36,10
69: 34,6,29,97,58
70: 20,85,81,73,56,64
71: 22,95,37,86
72: 35,77,43,62,85,16
73: 70,81,64
74: 31,75,80,28,96,9
75: 31,42,74,32,15,9
76: 91,101,22,39,52
77: 35,72,55,88,62
78: 90,79,40
79: 18,90,30,78,40
80: 23,28,44,31,74
81: 20,70,73
82: 40,12
83: 54
84: 0,68,10,27,50
85: 20,62,70,72,43,56
86: 39,27,10,53,71
87: 26,14,63,58
88: 94,55,35,77
89: 21,28,47,60
90: 18,79,78
91: 76,22,57
92: 37,98,7,24,8,95
93: 66,45,23
94: 97,14,63,88,102,35
95: 71,8,92,37
96: 0,9,74,28,41,17
97: 14,94,35,34,69
98: 92,37,7,38,53
99: 24,8
100: 47,41,17,11
101: 76,52
102: 14,94,63,49