0: 85,27,24,61,79
6: 76,39,43,72,8,46
7: 36,72,94,35,13,52
8: 23,74,46,6,72,52
9: 13,52,17,50,18,88
10: 85,28
11: 78,56
12: 97,53,96,58,23
13: 52,9,7,35,92,17
14: 75,49,70,38
15: 57,59,93,23,34,62
16: 64,65,36
17: 69,13,9,88,68
18: 50,74,52,9,97,58
19: 22,37,44,32,90,47
20: 22,87
21: 29,26,84,48,39,45
22: 37,19,47,54,87,20
23: 74,8,46,15,59,96,12
24: 83,51,61,79,0
25: 60,50,58,32,47,42
26: 21,84,64,39,65,43
27: 0,85,55,61,86,44
28: 10,85,37,44
29: 21,84
30: 80,31,48,67,63,45
31: 30,80,70,63,38
32: 19,90,58,25,47
33: 75,57,51
34: 55,51,61,62,57,15
35: 81,36,7,13,92
36: 65,7,94,16,35
37: 22,44,19,28,87
38: 70,31,14,75,73
39: 76,6,45,21,26,43
40: 69,82,68
41: 54,95
42: 47,54,60,25,78,95
43: 65,94,26,39,6
44: 37,19,90,86,28,27
45: 76,39,48,21,30,80
46: 23,8,66,76,6,59
47: 42,54,25,22,19,32
48: 21,30,45
49: 70,14
50: 60,25,18,88,9,58
51: 61,34,33,57,24
52: 13,9,7,72,74,8,18
53: 96,58,86,12,55,90
54: 47,41,42,22
55: 61,34,62,53,96,86,27
56: 68,60,88,78,11
57: 73,15,93,33,75,51,34
58: 97,53,12,25,50,18,32
59: 15,93,66,23,46
60: 25,50,88,56,42,78
61: 55,51,34,24,0,27
62: 55,34,15,96
63: 70,67,30,31
64: 16,71,26,84,65
65: 36,43,94,26,64,16
66: 80,76,59,46
67: 63,30
68: 56,40,69,17,88
69: 40,92,82,17,68
70: 49,63,38,31,14
71: 64,84
72: 7,94,6,8,52
73: 57,93,38,75
74: 23,8,52,97,18
75: 14,33,38,57,73
76: 39,6,45,66,46
77: 81,82
78: 11,95,60,56,42
79: 89,91,24,83,0
80: 30,31,66,45
81: 35,77
82: 40,69,92,77
83: 24,91,79
84: 29,21,26,64,71
85: 10,0,28,27
86: 53,55,27,44,90
87: 22,37,20
88: 60,50,9,17,56,68
89: 91,79
90: 44,19,32,53,86
91: 89,79,83
92: 69,82,35,13
93: 57,73,15,59
94: 65,36,43,7,72
95: 78,41,42
96: 53,12,23,55,62
97: 58,12,74,18