0: 24,27,10
6: 8,39,43,46,7
7: 35,52,43,36,8,6
8: 23,12,6,18,7,52
9: 13,52,18,17,50
10: 0,27,28
11: 17,50,25,42
12: 23,8,18,15,53,32
13: 9,35,40,17
14: 38,33,49,31
15: 38,51,23,12,34,53
16: 36,26,43
17: 11,50,13,9
18: 12,8,9,52,32,50
19: 37,28,44,47
20: 37,22
21: 39,26,48,29
22: 54,47,20,37
23: 12,8,46,38,15
24: 0,27,34,55,51
25: 11,50,32,42,47
26: 21,39,43,29,16
27: 0,24,55,44,10,28
28: 37,19,27,44,10
29: 21,26
30: 49,45,48
31: 49,45,46,14,38
32: 44,53,12,18,50,25
33: 14,38,51
34: 24,55,15,51,53
35: 13,7,36
36: 16,43,7,35
37: 20,28,19,22
38: 14,33,15,31,46,23
39: 21,26,43,46,45,6
40: 13
41: 42,54
42: 41,54,47,11,25
43: 39,26,16,36,6,7
44: 53,32,27,55,28,19
45: 30,31,39,46,48
46: 39,31,45,38,23,6
47: 22,42,54,25,19
48: 21,30,45
49: 30,31,14
50: 11,17,25,18,9,32
51: 33,15,24,34
52: 7,9,8,18
53: 44,32,15,12,34,55
54: 22,41,42,47
55: 24,27,34,44,53