0: 27,85,118,109,116
6: 76,39,114,46,115,43,8
7: 52,94,72,35,92,13
8: 23,59,6,46,115,74
9: 50,126,18,17,13,88
10: 28,124,118
11: 78,56,107,105
12: 53,127,58,90,97,96
13: 17,69,92,7,52,18,9
14: 101,75,49,38
15: 130,93,100,59,96,62
16: 65,36
17: 69,13,40,9,68,88
18: 52,74,97,13,50,132,9
19: 117,112,44,125,32,37,22
20: 54,87,22
21: 29,26,110,45,48,39
22: 87,37,19,125,20,54
23: 97,8,59,96,74
24: 83,51,61,116,79,109
25: 60,50,98,126,102,120
26: 21,110,113,99,39,114
27: 121,85,0,109,86
28: 10,124,112,37,123
29: 21,110,48
30: 48,122,45,108,128
31: 70,38,63,103,129,128
32: 47,102,131,120,117,19,125
33: 83,51,75
34: 55,61,57,130,51
35: 81,36,94,77,7,92
36: 35,65,16,106,94
37: 123,22,112,19,28
38: 70,31,129,73,14,101
39: 76,6,114,21,26,45
40: 82,17,69,68
41: 42,95,54
42: 47,102,131,60,78,95,54,41
43: 106,115,111,72,6,114
44: 117,112,19,86,90,121
45: 21,48,30,108,76,39
46: 76,6,66,8,59
47: 102,42,131,32
48: 30,104,122,29,21,45
49: 70,119,14
50: 25,98,126,132,9,18
51: 24,83,33,75,57,61,34
52: 7,74,18,115,72,13
53: 12,90,96,55,62,86
54: 20,125,42,131,22,41
55: 62,61,34,86,53
56: 88,107,60,126,78,11
57: 101,75,130,100,51,34
58: 12,127,90,117,120
59: 23,8,96,66,46,93,15
60: 25,126,56,102,42,78
61: 55,34,24,51,109
62: 55,130,15,96,53
63: 67,103,70,31
64: 65,113,99,71
65: 64,113,16,106,111,36
66: 80,108,73,76,46,93,59
67: 63,103,104,122
68: 88,107,17,40
69: 17,92,13,77,82,40
70: 49,38,31,63,119
71: 84,64,99
72: 106,115,94,43,7,52
73: 66,80,129,38,101,93,100
74: 52,18,115,23,97,8
75: 14,101,57,51,33
76: 39,6,46,45,66,108
77: 81,35,69,92,82
78: 11,95,60,56,42
79: 89,116,24,83,91
80: 66,129,108,73,128
81: 35,77
82: 40,77,69
83: 24,51,33,79
84: 71,110
85: 27,121,0,118,124
86: 55,53,90,27,121,44
87: 123,22,20
88: 56,68,17,126,9
89: 116,79,91
90: 12,53,58,86,117,44
91: 89,79
92: 69,13,35,77,7
93: 15,100,66,73,59
94: 106,72,35,36,7
95: 78,42,41
96: 23,59,15,62,12,53
97: 23,74,18,12,127,132
98: 25,50,132,127
99: 64,113,71,26,110
100: 130,93,15,73,101,57
101: 14,75,57,38,73,100
102: 47,42,120,32,60,25
103: 122,67,63,31,128
104: 48,122,67
105: 107,11
106: 111,94,72,43,65,36
107: 56,68,11,105
108: 66,80,128,30,45,76
109: 27,0,24,61,116
110: 29,21,26,84,99
111: 106,43,65,113,114
112: 44,19,121,28,37
113: 64,65,99,26,114,111
114: 39,6,26,113,111,43
115: 72,43,6,8,52,74
116: 89,79,24,0,109
117: 44,19,58,90,120,32
118: 85,0,10,124
119: 49,70
120: 102,32,58,25,117
121: 27,85,86,112,44
122: 48,103,30,104,67
123: 87,37,28
124: 10,28,85,118
125: 19,131,32,22,54
126: 60,25,50,9,56,88
127: 12,58,97,98,132
128: 80,129,108,103,30,31
129: 80,73,128,38,31
130: 15,100,57,62,34
131: 47,42,32,125,54
132: 50,98,97,18,127