0: 153,150,96,50,84,146,17
6: 69,34,29,125,42,32,106
7: 24,12,109,92,149
8: 95,24,144,92,139
9: 112,150,75,96,74
10: 36,53,68,153,27,86,146
11: 123,100,148
12: 140,131,109,82,24,7
13: 50,84,52,117,141
14: 97,151,104,102,94,87
15: 32,59,105,36,103,112
16: 72,114,43,142,135
17: 67,123,0,41,96,50
18: 90,83,132,30
19: 38,109,145,51,59,106
20: 130,115,81,111
21: 89,23,60
22: 138,113,120,39,76,91
23: 21,89,118,155,122,93
24: 7,144,12,99,82,92,8
25: 63,104,54,33,26
26: 87,58,25,104,33,132,48
27: 39,52,86,10,84
28: 41,74,80,129,89,118,143
29: 145,65,58,69,6,106
30: 48,110,124,132,18,79
31: 46,44,61,152,154,80
32: 59,106,15,6,42,105
33: 127,132,54,25,26
34: 69,6,156,114,142,125
35: 77,128,88,94,97,114
36: 10,53,103,15,112,68
37: 113,120,139,92,98,86
38: 19,109,59,149,98,103
39: 27,52,86,120,22,76
40: 140,79,124,119,131
41: 28,96,74,143,17,123,100
42: 61,125,6,32,105,133
43: 16,72,56,85,135,152,46
44: 46,31,122,116,80
45: 66,155,122,116,64
46: 44,31,43,56,152,116
47: 60,143,100
48: 30,110,132,26,58,65
49: 102,147
50: 13,84,0,67,17,141
51: 140,110,124,145,19,109
52: 39,27,13,84,76,137,117
53: 36,10,103,98,86
54: 25,127,33
55: 77,128,62
56: 85,43,136,70,46
57: 138,126,91,134
58: 87,26,151,48,65,29,69
59: 32,106,15,19,38,103
60: 47,143,21,89
61: 135,125,42,152,31,133,154
62: 55,77,130
63: 25,104,102
64: 73,136,121,66,45
65: 145,29,58,48,110
66: 155,45,64,121,93
67: 17,123,50,141,148
68: 112,153,150,36,10
69: 6,34,58,151,156,29
70: 73,136,81,111,56
71: 95,113,139,138,126
72: 16,43,77,115,85
73: 70,64,81
74: 28,41,96,75,129,9
75: 105,133,154,129,112,9,74
76: 91,101,137,39,52,22
77: 55,128,62,35,130,115,72
78: 119
79: 90,30,124,119,40
80: 129,44,31,122,154,118,28
81: 20,111,73,70
82: 99,131,12,24
83: 127,132,18
84: 13,50,146,0,27,52
85: 111,56,115,72,43
86: 39,27,10,53,37,120
87: 26,58,104,14,151
88: 147,94,128,35
89: 21,23,118,28,60,143
90: 18,79,119
91: 76,101,134,57,138,22
92: 149,98,24,7,8,37,139
93: 66,155,23
94: 88,102,35,97,14
95: 8,139,71
96: 41,74,0,9,150,17
97: 14,151,156,94,35,114
98: 92,149,38,53,103,37
99: 82,24,144
100: 41,47,11,123
101: 76,91,137,134,107
102: 49,94,63,104,14
103: 36,53,38,59,15,98
104: 63,25,102,87,26,14
105: 133,75,42,32,15,112
106: 32,59,145,29,6,19
107: 101,134
108: 137,117,107
109: 19,38,12,51,140,7,149
110: 48,30,124,65,51
111: 85,20,115,81,70
112: 9,68,150,15,105,75,36
113: 37,120,139,71,138,22
114: 16,142,35,97,156,34
115: 130,20,77,72,111,85
116: 122,45,136,46,44
117: 141,52,13,137
118: 89,23,122,80,28
119: 131,90,78,79,40
120: 113,37,39,86,22
121: 64,66
122: 155,45,116,44,80,23,118
123: 11,67,17,41,100
124: 30,110,79,40,51,140
125: 61,135,42,142,6,34
126: 57,138,71
127: 33,54,83
128: 55,77,35,88,147
129: 80,75,154,28,74
130: 20,115,77,62
131: 119,40,12,82
132: 33,83,26,18,48,30
133: 105,75,154,61,42
134: 91,101,57,107
135: 61,125,152,16,43,142
136: 70,64,56,116
137: 76,101,52,117
138: 57,126,22,113,71,91
139: 113,37,92,95,8,71
140: 40,12,51,124,109
141: 117,13,50,67,148
142: 16,114,156,34,135,125
143: 60,47,89,28,41
144: 24,99,8
145: 65,29,51,19,106
146: 84,10,0,153,150
147: 49,88,128
148: 11,67,141
149: 92,98,38,109,7
150: 112,0,9,68,153,96,146
151: 97,14,156,87,58,69
152: 61,135,43,46,31
153: 0,68,150,10,146
154: 133,75,61,31,80,129
155: 66,122,45,93,23
156: 97,151,114,142,69,34