0: 17,50,15,9,36,41
6: 34,29,61,32,59,42
7: 51,12,24,37,53
8: 22,37,10
9: 42,31,15,28,0,41
10: 36,53,37,8,27
11: 47,17,67
12: 40,51,7,24
13: 52,67
14: 49,55,63,35,34,58
15: 32,38,9,42,36,0
16: 46,61,35,43,34
17: 0,50,11,47,41,67
18: 30,33,40
19: 51,30,65,29,59
20: 62,64
21: 23,28,60,41
22: 8,39,57
23: 21,28,44,45
24: 37,12,7
25: 26,54,33
26: 25,63,48,33,58
27: 39,36,10,52
28: 21,23,44,9,31,41
29: 34,6,58,65,19,59
30: 48,33,65,18,40,19,51
31: 9,42,46,61,44,28
32: 15,38,59,6,42
33: 48,30,25,26,18
34: 6,29,58,14,35,16,61
35: 14,55,34,16
36: 10,53,15,0,50,27
37: 24,7,10,53,8
38: 32,15,59,53
39: 27,22,52
40: 12,18,30,51
41: 47,9,21,28,17,0
42: 9,31,6,61,32,15
43: 62,16,46,56
44: 56,45,46,31,23,28
45: 56,44,64,66,23
46: 16,61,43,56,44,31
47: 11,60,41,17
48: 30,33,65,26,58
49: 14,55,63
50: 17,0,36,67
51: 19,7,30,40,12
52: 13,39,27
53: 36,10,7,38,37
54: 25
55: 49,14,35
56: 44,45,64,43,62,46
57: 22
58: 34,29,26,14,63,48,65
59: 32,38,6,29,19
60: 47,21
61: 16,46,34,6,42,31
62: 20,43,56
63: 49,14,26,58
64: 56,45,66,20
65: 48,30,29,58,19
66: 45,64
67: 13,17,50,11