0: 238,288,150,316,374,298,50
6: 156,225,241,34,248,272,171
7: 274,92,373,161,226,242,323
8: 95,260,92,373,144,139
9: 263,150,334,205,293,238
10: 340,153,253,36,219,53,163,297
11: 123,235,277,199,320,198
12: 82,210,342,352,161
13: 254,201,338,349,117
14: 94,35,102,87,151,97
15: 213,245,365,215,68,358
16: 296,173,209,72,142,114
17: 238,288,325,41,158
18: 90,354,30,83
19: 257,180,106,343,59,239,217
20: 177,169,62,375
21: 207,194,189,331,247,60
22: 347,370,348,312,138
23: 306,182,314,330,28,89,207
24: 276,99,232,274,373,144
25: 230,313,104
26: 170,280,289,244,176,305,58
27: 278,297,336,337,340,268
28: 168,89,314,23,258,262
29: 196,106,343,65,310,145
30: 18,354,282,83,132,295
31: 265,154,357,44,376,80,266
32: 272,191,241,196,106,59,369
33: 170,280,230,313,127,237
34: 135,248,142,6,156
35: 94,88,14,128,97,114,296
36: 219,213,221,68,10,153,253
37: 98,323,326,86,234,317
38: 149,318,217,371,257,109,167
39: 312,120,275,278,297,347
40: 250,342,119,372,231,321
41: 300,319,158,17,288,345
42: 272,191,172,171,287
43: 152,332,209,269,329,135
44: 190,376,46,174,80,116,31
45: 64,188,284,255,136,281
46: 152,332,56,335,44,190,116
47: 311,143,228,211,309,322
48: 301,295,359,110,233
49: 94,88,147,63,102
50: 338,349,298,261,0,288
51: 346,145,165,157,239,217
52: 307,101,76,336,84,227
53: 86,163,355,290,219,10
54: 252,230,127
55: 256,181,267
56: 46,332,222,249,136,335
57: 126,327
58: 69,270,310,26,289,176
59: 106,343,32,191,19,180,369
60: 309,21,194,311
61: 172,125,357,190,133
62: 224,375,20
63: 102,104,49
64: 121,188,284,45,218
65: 176,359,310,233,145,29
66: 246,218,223,299,160
67: 123,349,261,198,141
68: 334,358,36,213,15,153,263
69: 58,270,310,220,225,241,196
70: 368,350,216,240,136,284
71: 362,95,260,113,271
72: 16,173,209,85,269,353
73: 229,368,286,121
74: 262,360,265,204,164,96,129
75: 265,154,279,112,164,129,293
76: 307,101,91,52,275,278,336
77: 224,130,162,181,173,353
78: 90,259
79: 119,259,90,354,282,124
80: 174,116,44,376,31,266,122
81: 251,291,350
82: 292,12,210,161,99,232
83: 208,212,18,30,132
84: 268,146,366,336,52,227
85: 222,351,269,353,115,72
86: 53,163,355,98,37,317,120
87: 102,104,14,339,151,185
88: 94,49,35,147,264,128
89: 28,168,23,207,194
90: 18,354,78,259,79
91: 101,187,76,275,186,347
92: 274,7,373,323,326,8,139
93: 175,223,299
94: 49,88,35,14,102
95: 8,260,144,71
96: 205,164,129,74,308,360,325,158
97: 220,114,35,14,151
98: 323,37,242,318,86,355
99: 24,232,82,292,273
100: 363,319,258,308,168,143,211
101: 307,187,91,137,76,52,107
102: 63,104,87,94,49,14
103: 236,344,180,178,245,221
104: 63,102,87,25,313,185
105: 365,178,287,369,191,245
106: 196,29,343,59,32,19
107: 192,166,203,101,187,137
108: 117,227,315,307,137,193
109: 352,161,226,140,371,38,149
110: 124,333,48,295,233,346
111: 216,206,115,169,351
112: 334,358,215,279,75,293
113: 139,356,260,71,138,271
114: 97,220,35,296,16,142,156
115: 130,375,169,85,351,353,111
116: 174,80,46,255,335,44
117: 227,108,315,201,254,179,13
118: 266,204,314,122,262
119: 259,79,372,124,231,40
120: 312,39,317,86,163,297
121: 64,284,229,73,246,218
122: 118,266,314,174,80,302,324,182
123: 11,345,235,67,261,198
124: 110,231,333,282,295,119,79
125: 172,171,61,329,248,190
126: 57,202,200,271
127: 237,212,252,54,230,33
128: 162,267,264,88,35,296
129: 164,96,75,265,204,74
130: 77,224,375,115
131: 303,341,250
132: 301,295,83,237,212,30
133: 285,279,172,61,357,154
134: 183,327,186,187,203
135: 329,34,248,209,142,43
136: 255,335,249,216,70,56,284,45
137: 307,101,108,166,107,193
138: 200,271,113,348,356,22,370
139: 234,113,356,92,326,8,260
140: 321,165,157,371,352,109
141: 148,198,349,67,184,254
142: 16,209,114,156,135,34
143: 47,311,211,168,194,100
144: 276,24,373,95,8
145: 233,346,51,65,29,343,239
146: 84,268,201,195,366,367,374,316
147: 264,49,88
148: 198,141,184,294
149: 242,38,318,371,226,109,167
150: 263,304,316,9,334,238,0,195
151: 339,289,87,14,97,220,270
152: 43,46,332,329,190
153: 10,253,36,68,263,304
154: 75,265,31,357,133,279
155: 175,223,160,214,364,324,306,243
156: 6,225,220,114,142,34
157: 239,217,371,51,140,165
158: 319,41,96,308,17,325
159: 197,193,315,179,283
160: 223,155,66,218,364
161: 352,226,109,82,12,232,7
162: 128,181,267,77,296,173
163: 86,53,10,120,297
164: 205,96,129,293,75,74
165: 140,321,231,333,346,51,157
166: 192,107,137,197,193
167: 236,290,257,38,149,318
168: 28,89,258,100,143
169: 20,177,375,115,206,111
170: 33,280,26,237,301,305
171: 172,125,6,248,272,42
172: 171,125,61,42,287,285,133
173: 296,16,72,162,77,353
174: 80,116,255,44,281,302,122
175: 93,223,155,328,243
176: 359,305,65,26,58,310
177: 20,169,291,206
178: 105,369,180,103,245
179: 184,254,117,315,159,283
180: 19,257,59,178,369,236,103
181: 162,267,55,77,224
182: 306,23,324,314,122
183: 134,203
184: 254,179,148,141,283
185: 339,244,313,104,87,280
186: 327,347,370,187,91,134
187: 101,91,186,134,203,107
188: 64,45,218,281,214,364
189: 328,331,330,207,21
190: 357,44,376,329,46,152,125,61
191: 32,272,42,59,105,287,369
192: 166,203,107,361
193: 197,159,137,108,315,166
194: 207,21,89,311,143,60
195: 268,146,337,304,150,316
196: 106,29,69,310,241,32
197: 159,193,166
198: 148,141,11,123,67,294
199: 277,322,228,11,235
200: 138,271,327,370,126
201: 146,366,367,338,117,227,13
202: 362,271,126
203: 192,107,187,183,134
204: 118,266,265,129,74,262
205: 164,96,293,9,238,325
206: 216,240,111,177,169,291
207: 21,194,23,189,330,89
208: 83,252,212
209: 16,72,142,269,135,43
210: 250,342,303,82,292,12
211: 47,143,228,363,100
212: 127,237,252,208,83,132
213: 36,219,245,221,15,68,358
214: 281,302,364,324,188,155
215: 285,279,365,15,112,358
216: 249,206,240,111,351,70,136
217: 157,239,371,51,19,257,38
218: 66,246,121,64,188,364,160
219: 36,213,221,290,344,53,10
220: 97,114,151,69,270,156,225
221: 36,219,213,245,103,344
222: 85,351,269,249,332,56
223: 93,175,299,160,155,66
224: 77,130,375,62,181
225: 6,156,241,220,69,270
226: 161,109,242,149,7
227: 117,108,84,201,366,307,52
228: 47,211,363,300,235,199,322
229: 73,121,246
230: 25,313,54,127,33
231: 124,333,119,40,321,165
232: 99,24,82,161,274
233: 346,145,48,359,65,110
234: 139,348,356,326,37,317
235: 11,345,123,300,228,199
236: 167,290,103,344,257,180
237: 127,212,170,33,301,132
238: 0,17,288,325,205,150,9
239: 157,217,145,51,343,19
240: 216,206,291,70,350
241: 6,225,69,196,32,272
242: 149,318,226,7,98,323
243: 328,330,175,155,306
244: 339,289,185,280,26
245: 213,221,15,365,105,178,103
246: 66,218,229,121
247: 331,21
248: 329,135,34,6,171,125
249: 216,222,351,56,136
250: 40,210,342,341,372,131,303
251: 81,291
252: 54,208,127,212
253: 337,340,10,153,36,304
254: 184,179,13,117,141
255: 136,335,45,174,116,281
256: 55,264,267
257: 19,180,217,38,167,236
258: 308,262,360,28,168,100
259: 119,79,372,90,78,341
260: 95,8,113,139,71
261: 349,50,288,345,123,67
262: 258,74,360,118,204,314,28
263: 304,150,9,334,68,153
264: 147,256,88,128,267
265: 75,154,31,266,204,129,74
266: 118,204,122,80,265,31
267: 162,128,181,264,256,55
268: 84,146,195,337,27,336
269: 85,222,209,72,43,332
270: 58,69,151,289,220,225
271: 200,138,113,202,71,126
272: 32,42,191,6,241,171
273: 292,99
274: 7,92,373,24,232
275: 312,39,278,347,91,76
276: 24,144
277: 199,320,322,11
278: 27,297,336,340,39,275,76
279: 285,133,215,75,154,112
280: 170,33,26,313,244,185
281: 214,302,255,188,45,174
282: 354,30,295,79,124
283: 184,179,159
284: 121,64,45,70,368,136
285: 133,215,279,172,365,287
286: 368,350,73
287: 365,105,42,191,172,285
288: 238,0,17,41,50,261,345
289: 339,151,244,26,58,270
290: 167,236,344,318,219,53,355
291: 177,251,81,206,240
292: 82,303,210,273,99
293: 205,164,75,112,334,358,9
294: 320,148,198
295: 301,48,132,282,30,110,124
296: 16,173,35,162,128,114
297: 27,278,163,340,10,39,120
298: 338,50,0,367,374
299: 93,223,66
300: 363,319,41,228,345,235
301: 48,132,295,237,170,359,305
302: 281,214,324,174,122
303: 131,210,250,292
304: 263,150,337,153,253,195
305: 176,359,170,26,301
306: 182,23,324,155,243,330
307: 101,137,76,52,227,108
308: 258,360,96,319,158,100
309: 60,47,311
310: 58,69,176,65,196,29
311: 47,143,194,309,60
312: 39,317,120,275,348,347,22
313: 25,230,104,33,280,185
314: 118,122,182,23,262,28
315: 117,108,179,159,193
316: 150,0,146,195,374
317: 312,120,37,86,234,348
318: 242,38,149,167,290,98,355
319: 363,300,41,158,100,308
320: 277,11,294
321: 140,165,231,40,342,352
322: 277,199,47,228
323: 98,326,37,242,7,92
324: 214,302,155,122,306,182
325: 238,17,205,96,158
326: 323,37,92,234,139
327: 186,370,200,57,134
328: 189,243,330,175
329: 135,248,43,152,125,190
330: 328,189,243,306,23,207
331: 189,21,247
332: 43,46,152,56,222,269
333: 110,124,231,346,165
334: 112,68,358,293,263,150,9
335: 255,136,46,56,116
336: 27,278,84,268,76,52
337: 340,253,304,27,268,195
338: 349,298,50,201,367,13
339: 151,289,244,185,87
340: 337,10,253,27,278,297
341: 259,372,131,250
342: 40,210,250,321,12,352
343: 106,29,59,145,239,19
344: 236,290,103,219,221
345: 123,235,288,300,41,261
346: 233,145,51,110,333,165
347: 186,22,370,312,39,275,91
348: 234,356,312,317,138,22
349: 338,50,261,67,13,141
350: 70,286,81,240
351: 85,222,115,249,216,111
352: 161,109,342,140,321,12
353: 85,77,115,173,72
354: 90,18,282,30,79
355: 86,53,318,290,98
356: 234,113,139,348,138
357: 190,376,61,133,154,31
358: 112,334,68,215,213,15,293
359: 176,305,65,301,48,233
360: 258,74,308,262,96
361: 192
362: 202,71
363: 300,319,100,228,211
364: 214,188,218,160,155
365: 105,287,285,215,245,15
366: 84,201,146,367,227
367: 201,146,366,374,338,298
368: 70,286,73,284
369: 105,178,59,32,191,180
370: 327,186,347,22,200,138
371: 157,217,140,109,38,149
372: 119,259,341,40,250
373: 274,7,92,24,144,8
374: 146,367,316,0,298
375: 224,130,115,62,20,169
376: 357,44,190,80,31