0: 50,146,150,153,96,17
6: 69,34,29,125,42,32,106
7: 24,12,109,92,149
8: 95,144,139,24,92
9: 112,150,75,96,74
10: 36,53,68,153,27,86
11: 100,123,148
12: 140,109,131,82,24,7
13: 117,50,84,52,141
14: 97,151,104,102,94,87
15: 32,59,105,36,103,112
16: 72,114,142,43,135
17: 123,67,41,96,0,50
18: 83,132,90,79,30
19: 38,157,145,59,106
20: 130,115,81,111
21: 89,23,60
22: 138,91,113,120,39,76
23: 118,89,155,122,93,21
24: 7,12,99,82,8,144
25: 63,104,54,33,26
26: 87,58,25,104,33,48
27: 39,86,10,84,52
28: 80,129,118,89,158,74,143
29: 145,65,58,69,6,106
30: 124,110,18,132,48,79
31: 46,44,61,152,80,154
32: 59,106,15,6,42,105
33: 132,54,127,25,26
34: 69,6,156,142,125
35: 77,128,88,94,97,72,114
36: 10,53,103,15,112,68
37: 113,120,92,98,139,86
38: 19,157,109,59,149,98,103
39: 27,86,120,22,76,52
40: 140,79,124,119,131
41: 158,96,123,17,100
42: 61,125,6,32,105,133
43: 56,85,16,135,152,46
44: 46,31,122,116,80
45: 66,155,122,116,136,64
46: 44,31,56,43,152,116
47: 60,143,100
48: 132,26,58,30,110,65
49: 88,102,147,94
50: 0,84,146,67,17,13,141
51: 140,109,124,110,145,157
52: 76,137,39,27,84,117,13
53: 36,10,103,98,86
54: 127,25,33
55: 77,128,62
56: 111,85,43,136,70,46
57: 138,126,91,134
58: 87,26,48,151,65,29,69
59: 32,106,15,19,38,103
60: 47,143,89,21
61: 125,42,152,31,133,154
62: 77,55,130
63: 25,104,102
64: 73,136,121,66,45
65: 145,29,48,58,110
66: 155,45,64,121,93
67: 123,17,50,148,141
68: 112,150,153,36,10
69: 6,34,58,151,156,29
70: 73,136,81,111,56
71: 95,139,113,138,126
72: 16,114,35,77,115,85
73: 136,70,64,81
74: 158,96,75,129,28,9
75: 105,133,129,154,112,9,74
76: 101,137,52,39,22,91
77: 35,128,62,55,130,115,72
78: 119
79: 90,18,124,30,119,40
80: 129,154,28,44,31,122,118
81: 20,111,73,70
82: 99,131,12,24
83: 18,127,132
84: 50,146,27,52,13
85: 111,56,43,115,72
86: 39,27,10,53,37,120
87: 26,58,104,14,151
88: 49,147,94,35,128
89: 118,23,28,21,60,143
90: 79,18,119
91: 57,138,22,76,101,134
92: 149,98,7,8,139,37
93: 66,155,23
94: 49,88,102,35,97,14
95: 8,139,71
96: 158,41,74,150,9,0,17
97: 14,151,156,94,35,114
98: 92,149,38,53,103,37
99: 82,24,144
100: 11,41,47,123
101: 76,108,137,91,107,134
102: 49,94,63,104,14
103: 36,53,38,59,15,98
104: 63,25,102,87,26,14
105: 133,75,42,32,15,112
106: 32,59,145,29,6,19
107: 134,108,101
108: 101,137,117,107,159
109: 12,51,140,38,157,7,149
110: 124,30,48,145,65,51
111: 56,85,20,115,81,70
112: 150,9,68,15,105,75,36
113: 37,120,139,71,138,22
114: 16,72,142,35,97,156
115: 130,20,77,72,111,85
116: 122,45,136,46,44
117: 13,108,137,52,159
118: 89,23,122,80,28
119: 131,78,90,79,40
120: 113,37,39,86,22
121: 64,66
122: 155,45,116,44,80,118,23
123: 67,17,41,100,11
124: 30,110,79,40,51,140
125: 61,135,42,152,142,6,34
126: 57,138,71
127: 54,83,33
128: 35,77,55,88,147
129: 80,154,28,75,74
130: 20,115,77,62
131: 119,40,12,82
132: 33,48,83,18,30
133: 105,75,61,42,154
134: 107,57,91,101
135: 125,152,16,142,43
136: 73,70,64,56,45,116
137: 76,108,101,52,117
138: 57,126,22,91,113,71
139: 95,8,92,113,37,71
140: 40,12,51,109,124,157
141: 148,50,67,13
142: 16,114,156,34,135,125
143: 60,47,28,89,158
144: 8,99,24
145: 65,29,110,51,19,157,106
146: 0,50,84,153
147: 49,88,128
148: 141,67,11
149: 92,98,109,38,7
150: 112,9,68,153,96,0
151: 97,14,156,87,58,69
152: 61,135,125,43,46,31
153: 150,68,10,0,146
154: 80,129,61,31,133,75
155: 66,122,45,93,23
156: 97,151,114,142,69,34
157: 19,38,145,51,140,109
158: 41,96,74,28,143
159: 108,117