0: 9,68,96,50,84,17
6: 29,69,34,125,32,106,42
7: 92,98,12,38,109,24
8: 24,99,92,95,139
9: 112,0,68,75,74,96
10: 36,53,68,27,86,84
11: 67,123,100
12: 51,140,109,24,82,7
13: 50,67,117
14: 97,94,69,102,87,104
15: 32,59,105,36,103,112
16: 72,114,43,34,135
17: 67,123,0,41,96,50
18: 30,79,83,132,90
19: 38,109,65,51,59,106
20: 130,111,81
21: 89,23,60
22: 113,120,39,138,76,91
23: 21,89,122,93,45,118
24: 8,99,82,12,92,7
25: 63,54,33,26,104
26: 87,104,25,33,132,48,58
27: 39,52,86,10,84
28: 41,129,118,74,89,47
29: 6,69,65,58,106
30: 18,79,124,132,48,110
31: 80,129,61,46,44,133
32: 59,106,15,6,105,42
33: 127,132,54,25,26
34: 97,69,16,114,6,125,135
35: 77,128,88,97,94,114
36: 10,53,103,15,112,68
37: 113,120,139,92,98,53
38: 19,109,59,7,98,103
39: 27,52,86,120,22,76
40: 140,79,124,119,131
41: 28,96,47,17,123,100
42: 105,133,6,61,125,32
43: 16,72,85,46,56
44: 56,116,122,46,80,31
45: 66,93,116,122,23
46: 61,135,43,56,44,31
47: 60,89,28,41,100
48: 65,58,110,132,26,30
49: 88,102
50: 13,84,0,67,17
51: 12,140,124,110,19,109
52: 39,27,76,117
53: 36,10,103,98,37,86
54: 25,127,33
55: 77,128,62
56: 44,136,43,85,46
57: 138,126,134
58: 48,65,87,26,69,29
59: 32,106,15,19,38,103
60: 47,21,89
61: 46,125,135,42,133,31
62: 55,77,130
63: 25,102,104
64: 66,121,70,73,116,136
65: 48,58,110,29,19,106
66: 93,64,45,121
67: 11,17,123,13,50
68: 112,0,9,36,10,84
69: 97,14,34,87,58,29,6
70: 111,85,73,81,136,64
71: 95,113,126
72: 16,114,43,77,115,85
73: 81,70,64
74: 129,75,9,28,96
75: 105,133,74,112,9
76: 91,101,22,39,52
77: 55,128,62,35,130,72,115
78: 119
79: 18,30,124,90,119,40
80: 129,118,31,44,122
81: 73,20,111,70
82: 24,99,131,12
83: 127,18
84: 50,10,0,68,27
85: 111,115,70,72,43,56
86: 39,27,10,53,120
87: 26,104,14,69,58
88: 49,128,35,94
89: 21,23,118,28,60,47
90: 18,79,119
91: 76,101,22,138,134
92: 7,98,24,8,37,139
93: 66,45,23
94: 97,14,88,102,35
95: 8,113,139
96: 41,74,0,9,17
97: 14,94,69,34,35,114
98: 92,7,38,53,103,37
99: 24,8,82
100: 11,123,41,47
101: 76,91,107,137
102: 49,63,104,14,94
103: 36,53,38,59,15,98
104: 87,26,63,25,102,14
105: 42,75,133,32,15,112
106: 32,59,65,29,6,19
107: 101,108,137
108: 107,137
109: 19,38,12,51,140,7
110: 48,65,30,124,51
111: 70,85,20,81
112: 9,68,15,105,75,36
113: 37,120,22,139,95
114: 16,72,35,97,34
115: 85,77,130,72
116: 44,122,136,64,45
117: 52,13,137
118: 80,129,122,89,23,28
119: 131,90,78,79,40
120: 113,37,22,39,86
121: 66,64
122: 44,116,45,80,118,23
123: 11,67,17,100,41
124: 30,79,110,40,51,140
125: 61,135,34,6,42
126: 57,138,71
127: 33,54,83
128: 55,77,35,88
129: 80,118,74,31,28
130: 20,77,62,115
131: 119,40,82
132: 33,26,18,30,48
133: 105,42,75,61,31
134: 57,138,91
135: 61,46,125,34,16
136: 56,116,70,64
137: 101,107,108,117
138: 57,126,134,22,91
139: 113,37,8,92,95
140: 40,12,51,124,109