0: 27,121,85,109,137,118
6: 76,46,39,161,114,115,43
7: 94,35,92,139,164,141
8: 23,59,74,46,115
9: 88,126,155,17,13,164,50
10: 118,134
11: 105,78,149,163
12: 138,127,58,90,157,53
13: 164,141,155,18,9
14: 101,158,49,38,75
15: 130,93,100,96,143,62,157
16: 146,65,106,36,151
17: 139,164,69,9,88,68
18: 160,52,155,132,74,13,141
19: 117,142,156,32,133,153,125
20: 54,22,87
21: 161,26,45,29,110,48
22: 37,123,125,20,87
23: 97,8,59,96,143,74,138
24: 61,51,83,79,116,109
25: 120,50,140,126,102,60
26: 161,21,110,99,113,114
27: 121,0,86,162,55,154,109
28: 147,37,123,124,136
29: 110,48,21
30: 48,122,148,103,45,128
31: 70,38,159,63,166
32: 47,153,19,125,131
33: 83,75,145,51
34: 55,62,154,130,61,150
35: 94,36,7,151,92,81
36: 94,35,151,106,16
37: 147,123,22,125,28,142
38: 31,70,159,129,14,101
39: 76,46,6,161,45
40: 82,69,144,68
41: 95,42,54
42: 78,95,60,47,102,41
43: 72,115,135,111,114,6
44: 117,156,90,112,86,162
45: 21,48,30,148,76,39
46: 76,6,39,66,8,59
47: 102,32,153,42,131
48: 122,30,29,21,45
49: 119,70,14
50: 25,140,155,9,126
51: 24,61,150,145,33,83
52: 160,18,72,115,74
53: 62,154,12,90,157,86
54: 20,131,41
55: 154,34,61,109,27
56: 88,126,107,78,149,60
57: 101,158,145,130,100,73,150
58: 12,127,90,120,98,117,133
59: 23,8,143,66,46,93
60: 78,42,25,56,126,102
61: 24,51,150,55,34,109
62: 154,34,53,130,15,96,157
63: 67,103,166,31
64: 71,165,65,146
65: 165,113,106,111,64,16,146
66: 80,108,76,46,93,59
67: 63,103,104,122
68: 144,107,17,40,69,88
69: 82,40,17,139,68
70: 31,38,119,49
71: 64,99,84,165
72: 115,43,135,94,160,52,141
73: 93,100,129,80,101,57
74: 23,97,8,115,52,18,132
75: 14,158,145,33
76: 46,6,39,148,45,66,108
77: 81,92,82
78: 149,95,60,42,163,56,11
79: 91,83,24,116
80: 66,108,129,93,73
81: 77,35,151,92
82: 40,69,77
83: 33,24,51,79
84: 110,71,99
85: 121,0,112,118,124,134
86: 27,162,154,53,90,44
87: 123,22,20
88: 56,9,126,17,107,68
89: 116,167,91
90: 12,58,53,86,117,44
91: 79,89,116
92: 35,7,77,81,139
93: 15,100,73,66,80,59,143
94: 35,36,7,106,72,135
95: 78,42,163,41
96: 23,143,15,62,138,157
97: 23,74,132,138,127,152
98: 120,140,152,127,58
99: 71,84,110,26,165,113
100: 130,93,15,73,57
101: 14,158,57,38,129,73
102: 47,153,120,25,60,42
103: 67,63,166,122,30
104: 67,122
105: 11,107,149
106: 65,111,16,135,94,36
107: 144,68,56,88,149,105
108: 66,80,128,148,76
109: 116,24,61,55,27,0
110: 84,29,99,21,26
111: 65,113,106,114,43,135
112: 121,85,162,44,156,124,147
113: 165,65,111,114,99,26
114: 113,111,161,26,6,43
115: 72,43,6,8,74,52
116: 89,109,167,24,91,79
117: 44,19,156,58,90,133
118: 10,137,85,0,134
119: 49,70
120: 25,98,140,58,102,133,153
121: 27,85,0,112,162
122: 48,30,104,67,103
123: 37,22,28,87
124: 136,134,85,112,147,28
125: 37,22,142,19,32,131
126: 56,9,88,25,50,60
127: 12,138,58,97,98,152
128: 108,166,30,148,159
129: 38,159,80,101,73
130: 15,100,57,150,62,34
131: 54,47,32,125
132: 155,18,97,74,152
133: 153,58,120,117,19
134: 124,136,85,10,118
135: 72,43,106,111,94
136: 124,134,28
137: 167,0,118
138: 12,127,157,23,97,96
139: 17,164,7,92,69
140: 120,25,50,98,152
141: 13,164,72,7,160,18
142: 19,156,147,37,125
143: 23,59,96,93,15
144: 107,68,40
145: 158,57,75,33,51,150
146: 16,64,65
147: 37,28,112,142,156,124
148: 30,45,128,108,76
149: 78,56,107,105,11
150: 61,51,57,145,130,34
151: 35,36,16,81
152: 98,140,97,132,127
153: 47,102,32,133,120,19
154: 55,62,34,53,27,86
155: 18,132,13,50,9
156: 117,142,44,19,112,147
157: 12,138,15,96,62,53
158: 14,101,57,145,75
159: 31,38,129,166,128
160: 52,18,72,141
161: 21,26,114,6,39
162: 27,121,112,86,44
163: 78,95,11
164: 17,13,139,141,7,9
165: 65,113,71,64,99
166: 63,103,31,159,128
167: 89,116,137