0: 27,85,109,137,118
6: 76,46,39,115,43,114,8
7: 94,35,92,72,141,139,13
8: 23,59,46,6,115,74
9: 88,126,17,13,50,155
10: 118,134
11: 78,95,149,105
12: 138,127,58,90,53,157
13: 17,139,7,141,18,155,9
14: 101,75,158,49,38
15: 130,93,100,96,143,62
16: 146,65,106,36,151
17: 69,139,13,68,88,9
18: 141,52,74,132,13,155
19: 117,142,156,32,133,153,125
20: 54,22,87
21: 39,26,45,29,110,48
22: 37,123,125,20,131,87
23: 97,8,96,143,74,138
24: 83,51,61,79,116,109
25: 120,50,140,126,102,60
26: 39,21,113,99,114
27: 121,0,55,154,86,109
28: 147,37,123,112,124,136
29: 110,48,21
30: 48,122,103,45,128,148
31: 70,38,63,103,129,128
32: 47,153,19,125,131
33: 75,145,83
34: 55,62,154,130,150,61
35: 94,36,7,151,92,81
36: 94,35,151,16,106
37: 147,123,22,125,28,142
38: 31,70,129,14,101,73
39: 21,26,45,76,6,114
40: 82,69,68,144
41: 95,42,54
42: 78,95,60,47,102,41
43: 115,135,72,114,111,6
44: 117,156,86,90,121,112
45: 39,21,48,30,148,76
46: 76,6,66,8,59
47: 102,32,153,42,131
48: 122,30,29,21,45
49: 119,70,14
50: 25,140,155,9,126
51: 24,83,150,61,145
52: 141,74,18,115,72
53: 12,90,157,62,154,86
54: 20,131,41
55: 154,34,86,61,109,27
56: 88,107,126,78,60,149
57: 101,145,158,130,100,150
58: 12,127,90,120,98,117,133
59: 8,143,66,46,93
60: 78,42,25,56,126,102
61: 24,51,150,55,34,109
62: 154,34,130,15,96,53,157
63: 67,103,31
64: 65,113,99,71
65: 64,113,111,16,146,106
66: 80,108,76,46,93,59
67: 63,103,104,122
68: 88,107,17,40,144
69: 17,139,92,77,82,40
70: 31,38,119,49
71: 84,64,99
72: 115,43,135,94,7,141,52
73: 93,100,38,80,129,101
74: 52,18,132,115,23,97,8
75: 14,145,158,33
76: 46,6,39,45,66,108,148
77: 81,92,69,82
78: 11,95,60,42,149,56
79: 91,24,83,116
80: 66,129,108,128,93,73
81: 77,35,151
82: 40,77,69
83: 24,51,33,79
84: 110,71,99
85: 121,0,112,118,124,134
86: 55,154,90,53,27,121,44
87: 123,22,20
88: 56,68,107,9,126,17
89: 116,137,91
90: 12,58,53,86,117,44
91: 79,89,116
92: 35,7,77,69,139
93: 15,100,73,66,80,59,143
94: 35,36,7,106,135,72
95: 78,11,42,41
96: 23,143,15,62,138,157
97: 23,74,132,138,127,152
98: 120,140,152,127,58
99: 64,113,84,110,71,26
100: 130,93,15,73,57
101: 14,57,158,38,73
102: 47,133,153,120,25,60,42
103: 67,63,122,30,31,128
104: 67,122
105: 107,11,149
106: 135,65,111,16,94,36
107: 56,68,88,144,149,105
108: 66,80,128,148,76
109: 116,24,61,55,27,0
110: 84,29,21,99
111: 65,113,106,43,135,114
112: 121,85,44,156,124,147,28
113: 64,65,99,111,26,114
114: 43,39,26,113,111,6
115: 43,72,6,8,52,74
116: 89,109,137,24,91,79
117: 44,19,156,58,90,133
118: 10,137,85,0,134
119: 49,70
120: 25,98,140,58,102,133
121: 27,85,112,86,44
122: 48,30,104,67,103
123: 37,22,28,87
124: 136,134,85,112,28
125: 37,22,142,19,32,131
126: 56,88,9,25,50,60
127: 12,138,58,97,98,152
128: 80,129,108,148,103,30,31
129: 80,128,31,38,73
130: 15,100,57,150,62,34
131: 54,47,32,22,125
132: 74,18,97,155,152
133: 102,153,58,120,117,19
134: 124,136,85,10,118
135: 106,43,72,111,94
136: 124,134,28
137: 89,116,0,118
138: 12,127,157,23,97,96
139: 17,69,13,7,92
140: 120,25,50,98,152
141: 52,18,72,7,13
142: 19,156,147,37,125
143: 23,59,96,93,15
144: 40,68,107
145: 75,57,158,33,51,150
146: 16,65
147: 37,28,112,142,156
148: 108,128,30,45,76
149: 78,11,56,107,105
150: 51,61,57,145,130,34
151: 35,36,16,81
152: 98,140,97,132,127
153: 47,102,32,133,19
154: 55,62,34,86,53,27
155: 50,18,132,13,9
156: 117,142,44,19,112,147
157: 12,138,53,96,62
158: 14,101,75,57,145