0: 24,27,10
6: 8,46,39,43,7
7: 35,52,43,36,8,6
8: 23,12,6,18,7,52
9: 13,52,18,17,50
10: 0,27,28
11: 17,50,25,42
12: 23,8,18,15,53,32
13: 9,35,40,17
14: 38,33,49,31
15: 38,33,51,23,12,24,34,53
16: 36,26
17: 11,50,13,9
18: 12,8,9,52,32,50
19: 37,28,47,44
20: 37,22
21: 39,26,48,29
22: 41,42,20,37,47
23: 12,8,46,38,15
24: 0,27,34,15,51
25: 11,50,32,47,42
26: 21,39,43,29,16
27: 0,24,34,44,10,28
28: 37,19,27,44,10
29: 21,26
30: 49,45,48
31: 49,45,14,38,46
32: 44,53,12,18,25
33: 14,38,15,51
34: 24,27,15,44,53
35: 13,7,36
36: 16,43,7,35
37: 20,28,19,22
38: 14,33,15,31,23,46
39: 21,26,43,45,6,46
40: 13
41: 22,42
42: 22,41,11,25,47
43: 39,26,36,6,7
44: 53,32,27,34,28,19
45: 39,48,30,31,46
46: 23,6,31,39,45,38
47: 19,25,22,42
48: 21,45,30
49: 30,31,14
50: 11,17,25,18,9
51: 33,15,24
52: 7,9,8,18
53: 44,32,15,12,34