0: 10,27,24
6: 76,39,43,8,72
7: 36,43,35,13,72,52
8: 23,12,46,74,6,72,52
9: 13,52,50,18,17
10: 0,27,28
11: 56,78
12: 23,8,74,15,62,58,18
13: 9,52,7,35,69
14: 33,49,70,38,75
15: 57,59,23,12,34,62
16: 64,65,36
17: 68,56,9,69
18: 50,12,74,9,58
19: 22,37,28,44,32,47
20: 22,37
21: 29,26,48,39,45
22: 37,19,47,54,20
23: 12,8,46,59,15
24: 51,61,0
25: 60,50,32,58,47,42
26: 29,21,71,64,39,65
27: 10,0,55,61,28,44
28: 37,19,44,10,27
29: 21,26,71
30: 31,63,48,67,45
31: 30,70,63,66,45,38,73
32: 53,58,25,19,44,47
33: 14,57,75,51
34: 55,51,61,57,15,62
35: 36,7,13
36: 43,7,16,35
37: 22,28,19,20
38: 75,73,70,31,14
39: 76,6,45,21,26,43
40: 69,77,68
41: 42,54,78
42: 47,41,54,60,25,78
43: 65,36,7,39,6,72
44: 28,19,55,53,32,27
45: 39,48,21,30,31,66
46: 23,8,66,76,59
47: 42,54,32,25,22,19
48: 67,21,30,45
49: 70,63,14
50: 60,25,18,9,58
51: 61,34,33,57,24
52: 13,72,9,7,8,74
53: 62,32,58,55,44
54: 47,41,42,22
55: 61,34,62,53,27,44
56: 11,68,17,78,60
57: 75,15,73,33,51,34
58: 53,32,12,25,50,18
59: 15,73,66,23,46
60: 25,50,56,78,42
61: 55,51,34,24,27
62: 53,15,12,55,34
63: 30,70,31,67,49
64: 16,26,71,65
65: 43,26,64,16
66: 31,76,45,59,46
67: 48,30,63
68: 17,56,40
69: 40,77,13,17
70: 31,63,49,14,38
71: 29,26,64
72: 52,6,43,7,8
73: 57,38,75,59,31
74: 12,8,52,18
75: 57,38,73,14,33
76: 39,6,66,46
77: 40,69
78: 11,56,60,41,42