0: 50,146,150,96,17
6: 69,34,29,125,42,32,106
7: 24,161,109,92,149,8
8: 95,139,24,7,92,144
9: 112,150,75,96,164
10: 36,53,68,153,27,86,163
11: 100,123,148
12: 140,109,131,40,82,161
13: 117,50,84,52,141
14: 97,151,104,102,94,87
15: 32,59,105,36,103,112
16: 72,114,142,85,43,135
17: 123,67,41,96,0,50
18: 83,132,90,79,30
19: 38,157,51,145,59,106
20: 130,169,81
21: 89,23,60
22: 91,138,113,120,39,76
23: 118,89,155,122,21
24: 7,161,99,82,144,8
25: 63,104,54,33,170,26
26: 87,58,25,104,48,170
27: 39,163,10,153,84,52
28: 118,89,168
29: 145,65,58,69,6,106
30: 124,110,165,18,132,48,79
31: 46,44,152,61,80,154
32: 59,106,15,6,42,105
33: 132,170,54,127,25
34: 69,6,156,142,125
35: 88,94,162,128,97,114
36: 10,53,103,15,112,68
37: 113,120,92,98,139,86
38: 19,157,109,59,149,167,103
39: 27,163,120,22,76,52
40: 119,131,79,124,140,12
41: 158,96,123,17,100
42: 61,125,6,32,105,133
43: 56,85,16,135,46,152
44: 46,31,122,116,80
45: 160,122,116,136,64,66
46: 44,31,152,56,43,116
47: 60,143,100
48: 132,170,26,58,30,110,65
49: 88,102,94,147
50: 0,84,146,67,17,13
51: 19,157,110,165,145,65,140
52: 76,137,39,27,84,117,13
53: 36,10,103,98,167,86
54: 127,25,33
55: 128,62
56: 111,85,43,136,70,46,116
57: 91,138,126,134
58: 87,26,48,151,65,29,69
59: 32,106,15,19,38,103
60: 47,143,89,21
61: 125,42,31,152,133,154
62: 77,55,130
63: 25,104,102
64: 73,136,121,45,66
65: 145,29,48,58,110,51
66: 93,64,121,160,45
67: 123,17,50,148,141
68: 112,150,153,36,10
69: 6,34,58,151,156,29
70: 73,136,81,111,56
71: 95,139,113,138,126
72: 16,114,162,77,115,85
73: 136,70,64,81
74: 158,96,164,168,129
75: 105,133,129,154,112,9,164
76: 101,137,52,39,91,22
77: 162,62,130,115,72
78: 90,119
79: 90,18,124,30,119,40
80: 129,154,44,31,122,118
81: 20,73,70
82: 99,131,12,24,161
83: 18,127,132
84: 50,146,27,52,13
85: 111,56,43,115,16,72
86: 163,98,10,53,37,120
87: 26,58,104,14,151
88: 49,94,35,147,128
89: 118,23,28,21,60,143
90: 79,18,78,119
91: 138,22,76,101,57,134
92: 149,7,8,139,37
93: 66,160,155
94: 49,88,102,35,97,14
95: 8,139,144,71
96: 158,41,74,164,150,9,0,17
97: 14,151,156,94,35,114
98: 167,53,37,86
99: 82,24,144
100: 11,158,41,47,123
101: 76,108,137,91,107,134
102: 49,94,63,104,14
103: 36,53,38,59,15,167
104: 63,25,102,87,26,14
105: 133,75,42,32,15,112
106: 32,59,145,29,6,19
107: 134,166,101
108: 101,137,117,166,159
109: 140,12,38,157,7,161,149
110: 124,30,165,48,65,51
111: 56,85,169,70
112: 150,9,68,15,105,75,36
113: 37,120,139,71,138,22
114: 16,72,142,35,97,156
115: 130,169,77,72,85
116: 122,45,56,136,46,44
117: 13,108,137,52,159
118: 89,23,28,122,80
119: 131,40,78,90,79
120: 113,37,39,86,163,22
121: 64,66
122: 160,155,45,116,44,80,118,23
123: 67,17,41,100,11,148
124: 30,110,165,79,40,140
125: 61,135,42,142,6,34,152
126: 138,71,57
127: 54,83,33
128: 162,147,55,88,35
129: 80,154,75,74,164
130: 20,115,169,77,62
131: 119,40,12,82
132: 33,48,170,83,18,30
133: 105,75,61,42,154
134: 107,91,101,57
135: 125,16,142,43,152
136: 73,70,64,56,45,116
137: 76,108,101,52,117
138: 91,126,22,113,71,57
139: 95,8,92,113,37,71
140: 12,109,124,165,40,157,51
141: 148,67,13
142: 16,114,156,34,135,125
143: 60,47,89,158,168
144: 99,24,95,8
145: 65,29,19,51,106
146: 0,50,84,150,153
147: 49,88,128
148: 141,123,67,11
149: 92,167,109,38,7
150: 112,9,68,153,96,0,146
151: 97,14,156,87,58,69
152: 46,31,43,61,135,125
153: 150,68,10,27,146
154: 80,129,61,31,133,75
155: 160,122,93,23
156: 97,151,114,142,69,34
157: 19,38,51,140,109
158: 41,96,74,168,143,100
159: 108,117,166
160: 155,122,45,93,66
161: 24,7,12,109,82
162: 77,128,35,72
163: 39,27,86,10,120
164: 96,74,75,129,9
165: 124,30,110,140,51
166: 107,108,159
167: 149,98,38,53,103
168: 158,74,28,143
169: 130,20,115,111
170: 132,33,48,25,26