0: 50,146,150,9,96,17
6: 42,34,69,29,106,171,32
7: 24,161,92,109,149,8
8: 95,139,24,7,92,144
9: 112,150,75,164,96,0
10: 27,163,36,53,68,86,153
11: 100,123,148
12: 140,131,40,82,161
13: 117,184,50,84,67,52
14: 94,104,102,87,97,151
15: 178,105,36,103,112
16: 72,114,135,173,85,43
17: 123,67,41,96,0,50
18: 83,132,90,79,30
19: 38,157,51,180,145,106,59
20: 130,169,177
21: 89,23,60
22: 91,138,113,120,39,76
23: 118,89,182,189,122,21,175
24: 7,161,99,82,144,8
25: 54,33,63,185
26: 87,58,176,185,104,170
27: 39,10,163,84,146,153,52
28: 80,129,118,89,168
29: 145,65,106,58,69,6
30: 124,110,18,132,48,79
31: 46,44,152,61,80,154
32: 59,178,106,42,6,105
33: 54,25,127,185,132,170
34: 42,6,156,69,142,171
35: 88,94,162,128,173,97,114
36: 103,53,15,112,68,10
37: 113,120,86,92,98,139
38: 19,157,180,109,167,149,103
39: 27,163,120,22,76,52
40: 119,131,124,165,140,12
41: 123,17,158,96,100
42: 6,34,171,172,32,105
43: 56,85,16,135,46,152
44: 46,31,116,174,80
45: 188,122,116,136,64
46: 44,31,152,56,43,116
47: 100,143,60
48: 132,170,176,30,110,65
49: 88,94,147,102
50: 0,84,146,67,17,13
51: 19,157,110,165,145,65,140
52: 76,137,39,27,84,117,13
53: 36,103,167,98,86,10
54: 25,33,127
55: 128,181
56: 111,85,43,136,70,46,116
57: 134,126,186
58: 87,26,176,151,69,65,29
59: 32,178,106,19,180,103
60: 89,21,143,47
61: 125,172,31,152,133,154
62: 130,77,181
63: 185,104,102,25
64: 73,136,121,188,45,66
65: 145,29,48,58,176,110,51
66: 93,64,121,160
67: 123,17,50,13,148,141
68: 112,150,36,10,153
69: 156,151,58,29,6,34
70: 73,136,81,177,111,56
71: 126,95,139,113,138
72: 16,77,173,115,85
73: 136,70,64,81
74: 158,164,96,129,168
75: 105,133,129,154,112,9,164
76: 52,101,137,187,39,91,22
77: 162,181,130,115,62,72
78: 90,119
79: 90,18,124,30,119
80: 129,154,28,44,31,174,118
81: 177,73,70
82: 99,131,12,24,161
83: 18,127,132
84: 50,146,27,52,13
85: 111,56,43,115,16,72
86: 37,120,98,53,10,163
87: 26,58,104,14,151
88: 49,35,94,147,128
89: 118,23,28,21,143,168,60
90: 79,18,78
91: 138,22,186,76,187
92: 7,149,98,8,139,37
93: 66,155,160,175
94: 49,88,35,14,102,97
95: 8,139,144,71
96: 158,164,74,150,9,0,17,41
97: 156,151,35,94,14,114
98: 167,149,92,53,37,86
99: 82,24,144
100: 11,47,158,123,41
101: 76,137,187,134,107,108
102: 63,104,49,94,14
103: 36,53,38,180,59,178,15,167
104: 63,185,102,14,87,26
105: 133,75,42,172,32,178,15,112
106: 145,29,6,19,32,59
107: 183,166,108,101
108: 107,166,101,137,179,159
109: 7,161,140,38,157,149
110: 124,30,165,48,65,51
111: 56,85,115,169,177,70
112: 150,9,68,15,105,75,36
113: 37,120,139,71,138,22
114: 16,142,35,173,97,156
115: 130,169,77,72,111,85
116: 45,174,56,136,46,44
117: 13,179,184,52,137
118: 89,23,122,174,80,28
119: 131,40,78,79
120: 113,37,86,39,163,22
121: 64,66
122: 160,188,45,174,155,118,23,182,189
123: 67,17,41,100,11,148
124: 30,110,165,79,40
125: 61,171,172,142,135,152
126: 71,138,186,57
127: 54,33,83
128: 162,181,147,55,88,35
129: 80,154,28,75,164,74
130: 20,115,169,62,77
131: 119,40,12,82
132: 48,170,33,83,18,30
133: 105,75,61,172,154
134: 57,186,101,187,183
135: 16,142,43,125,152
136: 73,70,64,56,45,116
137: 76,52,101,117,108
138: 91,22,186,113,71,126
139: 95,8,92,113,37,71
140: 12,165,40,157,51,161,109
141: 148,67,184
142: 114,135,156,34,171,125
143: 168,89,158,60,47
144: 99,24,95,8
145: 65,29,106,19,51
146: 0,50,84,153,150,27
147: 49,88,128
148: 141,123,67,11
149: 167,98,38,7,92,109
150: 112,9,68,96,0,146,153
151: 97,156,69,14,87,58
152: 46,31,135,43,61,125
153: 146,150,68,27,10
154: 80,129,61,31,133,75
155: 93,160,122,182,175
156: 97,151,69,114,142,34
157: 19,38,51,140,109
158: 96,74,143,168,41,100
159: 179,166,108
160: 188,122,93,66,155
161: 24,7,109,140,12,82
162: 77,128,181,173,35
163: 39,27,10,120,86
164: 96,74,75,129,9
165: 124,110,40,140,51
166: 107,108,159
167: 149,98,38,180,103,53
168: 143,28,89,158,74
169: 130,20,115,177,111
170: 132,48,33,185,26,176
171: 125,172,142,42,6,34
172: 61,171,125,42,105,133
173: 162,35,16,72,114
174: 122,116,44,80,118
175: 93,155,23,189
176: 26,58,48,170,65
177: 81,20,169,111,70
178: 32,59,15,180,105,103
179: 117,108,159
180: 19,38,59,178,167,103
181: 162,77,128,55,62
182: 23,189,122,155
183: 107,134
184: 117,13,141
185: 63,104,25,33,170,26
186: 91,138,126,187,57,134
187: 76,101,91,186,134
188: 160,122,45,64
189: 23,182,122,175