0: 96,68,9,50,84,17
6: 29,69,34,125,32,106,42
7: 92,98,12,38,109,24
8: 24,99,92,95
9: 112,0,96,68,105,75,74
10: 36,53,68,27,86,84
11: 67,123,100
12: 40,51,109,24,82,7
13: 50,67,117
14: 97,94,69,102,104,87
15: 32,59,105,36,103,112
16: 72,114,43,34,46,125
17: 67,123,0,96,41,50
18: 30,79,132,90
19: 38,109,65,51,59,106
20: 130,111,115,81
21: 89,23,60
22: 57,126,113,71,120,39,76,91
23: 21,89,122,93,45,118
24: 8,99,82,12,92,7
25: 26,104,54,33
26: 25,104,87,33,48,58
27: 39,52,86,10,84
28: 41,74,129,118,89,47
29: 6,69,65,58,106
30: 18,79,124,132,48,110
31: 75,61,46,44,80,129
32: 59,106,15,6,105,42
33: 132,54,25,26,48
34: 97,69,114,16,6,125
35: 114,88,77,128,97,94
36: 10,53,103,15,112,68
37: 113,95,120,92,98,53
38: 19,109,59,7,98,103
39: 27,52,86,120,22,76
40: 12,51,79,124,119,131
41: 28,100,96,47,17,123
42: 105,75,6,61,125,32
43: 72,16,85,46,56
44: 56,116,122,46,31,80
45: 66,93,64,116,122,23
46: 61,125,43,16,56,44,31
47: 60,89,28,41,100
48: 58,110,33,132,26,30
49: 88,102
50: 13,84,0,67,17
51: 40,12,124,19,109
52: 39,27,76,117
53: 36,10,103,98,37,86
54: 127,33,25
55: 77,128
56: 44,116,43,70,85,46,64
57: 22,126,91
58: 48,65,110,26,87,69,29
59: 32,106,15,19,38,103
60: 47,21,89
61: 46,125,42,75,31
62: 77,130
63: 102,104
64: 66,45,70,73,56,116
65: 58,110,29,19,106
66: 93,64,45,121
67: 11,17,123,13,50
68: 112,0,9,36,10,84
69: 97,14,34,87,58,29,6
70: 111,85,73,81,56,64
71: 113,95,22,126
72: 114,43,16,77,115,85
73: 81,70,64
74: 75,129,96,9,28
75: 105,42,31,74,61,9
76: 91,101,39,52,22
77: 55,128,62,35,72,114,115
78: 119
79: 18,30,124,90,119,40
80: 129,118,44,122,31
81: 73,20,111,70
82: 24,99,131,12
83: 127
84: 50,10,0,68,27
85: 111,115,70,72,43,56
86: 39,27,10,53,120
87: 26,104,14,69,58
88: 49,128,94,35
89: 21,23,118,28,60,47
90: 18,79
91: 76,101,107,57,22
92: 7,98,24,8,95,37
93: 66,45,23
94: 97,14,88,102,35
95: 113,71,37,8,92
96: 0,9,74,41,17
97: 14,94,69,34,35
98: 92,7,38,53,103,37
99: 24,8,82
100: 41,47,11,123
101: 76,91,107,108
102: 49,63,104,14,94
103: 36,53,38,59,15,98
104: 25,26,87,63,102,14
105: 42,75,32,15,112,9
106: 32,59,65,29,6,19
107: 91,101,108
108: 101,107,117
109: 19,38,12,51,7
110: 48,65,58,30,124
111: 70,85,20,81
112: 68,9,15,105,36
113: 71,95,120,37,22
114: 35,72,16,77,34
115: 85,77,130,20,72
116: 56,44,122,64,45
117: 52,13,108
118: 80,129,122,89,23,28
119: 131,78,79,40
120: 113,37,39,86,22
121: 66
122: 44,116,45,80,118,23
123: 11,67,17,41,100
124: 30,79,110,40,51
125: 61,46,34,16,6,42
126: 57,22,71
127: 54,83
128: 55,77,88,35
129: 80,118,31,74,28
130: 20,62,115
131: 119,40,82
132: 33,18,30,48