0: 17,15,41,9,36
6: 34,29,42,32
7: 12,51,38,19,24,37,10
8: 22,37,10,39,27
9: 41,28,31,42,15,0
10: 36,7,38,37,8,27
11: 47,17
12: 51,7,30,40,24
13: 50,27
14: 34,29,26,49
15: 32,38,9,36,0
16: 43,31,42,46,35,34
17: 0,50,41,11
18: 30,33,40
19: 32,29,51,7
20: 45,43,46
21: 23,41,28,47
22: 8,39
23: 21,44
24: 37,12,7
25: 33
26: 48,33,29,14
27: 39,36,10,50,8,13
28: 41,9,31,44,21
29: 34,6,14,26,48,19
30: 48,18,40,12,51
31: 16,42,46,44,9,28
32: 15,38,19,6
33: 48,25,26,18
34: 6,29,14,35,16
35: 49,34,16
36: 10,15,38,0,50,27
37: 24,7,10,8
38: 32,15,7,36,10
39: 27,22,8
40: 18,30,12
41: 9,28,21,17,0,47
42: 16,31,6,9
43: 16,46,20
44: 45,31,46,28,23
45: 20,44,46
46: 16,43,31,20,44,45
47: 11,41,21
48: 30,33,26,29
49: 35,14
50: 17,36,27,13
51: 12,7,30,19