0: 146,150,96,17,50
6: 32,34,196,42,225,171
7: 226,161,149,232,92,8
8: 92,139,232,7,144,95,24
9: 112,205,153,68,150
10: 163,27,219,36,153,195
11: 148,198,199
12: 210,40,140,82,161
13: 67,141,50,117,201,179,184
14: 87,102,104,97,94,151
15: 191,178,105,215,213,68,112
16: 135,114,142,173,72,209
17: 123,41,50,96,0,67
18: 83,132,90,30,79
19: 217,180,51,145,106,157,59
20: 130,169,177
21: 194,207
22: 91,138,120,163,76,39
23: 118,182,207,189,89
24: 144,232,82,8
25: 104,63,230,33,185
26: 58,176,185,87,237,170
27: 163,10,195,84,39,52
28: 118,204,74,168,89
29: 145,106,58,176,69,65,196
30: 79,124,18,132,48,110,231
31: 44,190,61,204,154,80
32: 6,196,42,106,191,59
33: 212,230,185,127,25
34: 6,156,225,142,171
35: 97,88,94,162,173,114
36: 153,68,221,53,10,219
37: 86,120,234,149,98,92,139
38: 226,149,109,157,217,167
39: 76,52,120,163,27,22
40: 12,210,119,124,231,140,165
41: 123,17,96,158,211,235
42: 32,6,172,191,105
43: 222,209,135,152,46
44: 46,31,116,190,174,80
45: 174,188,136,116
46: 44,116,190,43,56,222,152
47: 199,228,143,100,60
48: 237,170,132,176,30,110,65
49: 147,102,88,94
50: 17,0,146,201,67,13
51: 19,233,145,157
52: 76,137,39,27,84,227
53: 167,236,98,36,221,103,86,219
54: 127,230
55: 128,181
56: 85,222,111,216,136,46,116
57: 134,186,200,126
58: 26,151,176,87,69,29
59: 191,178,106,32,19,180
60: 194,143,47
61: 31,190,125,172,133,154
62: 224,130
63: 102,104,25
64: 121,73,136,188,218
65: 110,233,48,176,145,29
66: 160,218,229
67: 141,13,123,17,50,198
68: 36,153,213,221,15,112,9
69: 225,220,58,151,29,196
70: 216,136,81,206,73
71: 113,95,139,202,126
72: 77,173,115,16,85,209
73: 121,64,81,136,70
74: 164,158,204,129,28,168
75: 133,215,129,154,112,205,164
76: 137,39,52,91,22,101
77: 162,173,72,181,224,130,115
78: 90,119,131
79: 30,119,124,18,90
80: 118,44,31,174,122,204
81: 177,206,70,73
82: 232,12,210,99,161,24
83: 18,132,208
84: 195,146,150,27,52,227,201
85: 56,222,209,72,115,111
86: 37,120,98,53,163,219
87: 104,14,185,58,26,151
88: 35,94,147,49,128,162
89: 143,168,118,28,23,194
90: 78,18,79
91: 138,22,76,186,187
92: 8,139,7,149,37
93: 223
94: 97,88,35,49,102,14
95: 144,8,139,71
96: 164,158,205,0,41,17
97: 35,94,14,151,220,114
98: 167,53,149,86,37
99: 82,24
100: 143,168,158,211,47,228,235
101: 107,187,76,137,108
102: 104,14,63,49,94
103: 213,221,180,178,167,236,53
104: 87,102,25,14,63,185
105: 133,215,42,172,191,178,15
106: 145,29,32,196,19,59
107: 101,166,203,192,187,193
108: 159,179,193,137,117,101
109: 140,157,226,161,38
110: 65,231,233,48,30,165
111: 169,115,206,56,85,216
112: 205,9,15,75,215,68
113: 71,139,234,138,200
114: 16,142,97,35,173,156,220
115: 130,169,111,77,72,85
116: 46,44,56,136,174,45
117: 227,201,137,13,108,179
118: 28,23,182,80,122,204,89
119: 79,124,78,131,40
120: 86,37,234,163,138,22,39
121: 64,229,73
122: 174,214,118,182,80
123: 41,17,199,67,198
124: 30,79,119,231,40
125: 152,171,172,190,61
126: 202,71,200,57
127: 208,54,212,33
128: 55,181,147,88,162
129: 204,154,75,74,164
130: 169,115,62,224,20,77
131: 78,119,210
132: 83,18,212,237,48,170,30
133: 105,75,215,172,61,154
134: 57,186,183,203,187
135: 16,142,43,209,152
136: 216,70,56,64,73,116,188,45
137: 76,52,117,227,101,108
138: 91,22,200,120,234,113,186
139: 92,8,95,37,234,71,113
140: 109,165,157,12,40,161
141: 67,13,148,198,184
142: 16,135,114,156,34,171
143: 168,89,100,194,60,47
144: 95,24,8
145: 106,29,65,233,19,51
146: 0,195,84,150,50,201
147: 49,128,88
148: 11,198,141
149: 226,7,38,167,98,92,37
150: 0,195,84,146,153,205,9
151: 58,87,14,97,69,220
152: 171,125,135,43,46,190
153: 36,68,9,10,195,150
154: 204,129,31,61,133,75
155: 223,160,214,182,175,189
156: 225,220,114,142,34
157: 140,109,165,19,217,51,38
158: 74,164,96,168,100,41,211
159: 197,108,179,193
160: 223,66,155,218,214
161: 226,7,12,140,109,232,82
162: 77,173,128,181,88,35
163: 27,10,219,86,120,22,39
164: 74,96,158,75,129,205
165: 140,157,110,231,233,40
166: 107,192,197,193
167: 236,98,53,217,149,38,103
168: 143,89,100,28,74,158
169: 130,115,111,20,177,206
170: 237,48,132,26,176
171: 152,125,172,142,6,34
172: 171,125,42,61,105,133
173: 162,77,72,35,16,114
174: 122,45,44,116,80
175: 207,189,223,155
176: 58,26,48,170,65,29
177: 81,206,20,169
178: 191,59,15,180,105,236,213,103
179: 159,108,117,13,184
180: 19,217,59,178,236,103
181: 55,128,224,162,77
182: 118,23,122,214,155,189
183: 134,203,192
184: 141,13,179
185: 33,87,104,25,26
186: 57,134,91,138,200,187
187: 107,101,203,91,134,186
188: 45,214,136,64,218
189: 207,175,155,23,182
190: 46,44,31,61,152,125
191: 59,178,15,32,42,105
192: 107,166,203,183
193: 159,197,108,107,166
194: 60,21,207,143,89
195: 84,146,150,153,27,10
196: 32,6,69,225,106,29
197: 159,193,166
198: 11,148,123,199,67,141
199: 47,228,235,123,11,198
200: 138,113,126,57,186
201: 117,227,84,146,50,13
202: 126,71
203: 107,192,187,134,183
204: 129,154,31,118,28,80,74
205: 112,9,75,164,96,150
206: 81,177,169,111,216,70
207: 175,189,23,194,21
208: 127,83
209: 43,85,222,72,16,135
210: 12,40,131,82
211: 235,158,100,41
212: 33,127,132,237
213: 68,221,103,178,15
214: 188,122,155,160,182
215: 105,133,75,15,112
216: 136,70,111,206,56
217: 19,180,157,38,167,236
218: 66,160,64,188
219: 163,10,53,36,86
220: 69,156,225,97,151,114
221: 36,213,68,103,53
222: 43,56,85,209,46
223: 155,160,93,175
224: 62,181,77,130
225: 69,156,220,6,34,196
226: 7,161,149,38,109
227: 117,201,84,137,52
228: 199,47,235,100
229: 121,66
230: 33,54,25
231: 110,233,30,124,40,165
232: 82,7,161,24,8
233: 110,65,231,145,165,51
234: 37,120,139,113,138
235: 211,199,228,100,41
236: 167,53,217,180,178,103
237: 48,170,212,132,26