0: 27,85,118,109,116,137
6: 76,46,114,39,115,43,8
7: 52,94,72,35,92,13
8: 23,59,46,6,115,74
9: 88,18,17,13,50,126
10: 134,136,118
11: 78,56,107,105
12: 53,127,58,90,138,96
13: 17,92,139,7,52,18,9
14: 101,75,49,38
15: 130,93,100,59,96,62
16: 65,36
17: 69,13,139,68,88,9
18: 52,74,97,13,50,132,9
19: 117,112,44,125,32,37
20: 54,87,22
21: 29,26,110,45,39,48
22: 87,37,123,125,20
23: 97,8,59,96,74,138
24: 83,51,61,116,79,109
25: 120,50,98,126,102,60
26: 21,110,39,113,99,114
27: 121,85,0,109,55,86
28: 136,124,112,37,123
29: 21,110,48
30: 48,103,122,45,108,128
31: 70,38,63,103,129,128
32: 47,131,133,117,19,125
33: 75,83,51
34: 55,61,57,130,51
35: 81,36,94,77,7,92
36: 35,65,16,106,94
37: 123,22,112,19,125,28
38: 70,31,129,73,14,101
39: 21,26,45,76,6,114
40: 82,69,68
41: 42,95,54
42: 47,131,60,78,95,54,41
43: 115,111,72,135,6,114
44: 117,112,19,86,90,121
45: 21,39,48,30,108,76
46: 76,6,66,8,59
47: 102,42,131,32
48: 30,104,122,29,21,45
49: 70,119,14
50: 25,98,126,132,18,9
51: 24,83,75,57,33,61,34
52: 7,74,18,115,72,13
53: 12,90,96,55,62,86
54: 20,42,131,41
55: 62,61,34,86,53,27
56: 88,107,126,60,78,11
57: 101,75,130,100,51,34
58: 12,127,90,120,98,117
59: 23,8,96,66,46,93,15
60: 102,42,25,126,56,78
61: 55,34,24,51,109
62: 55,130,15,96,53
63: 67,103,70,31
64: 65,113,99,71
65: 64,113,16,106,111,36
66: 80,108,76,46,93,59
67: 63,103,104,122
68: 88,107,17,40
69: 17,139,77,82,40
70: 49,38,31,63,119
71: 84,64,99
72: 115,94,43,135,7,52
73: 80,129,38,101,93,100
74: 52,18,115,23,97,8
75: 14,101,57,33,51
76: 46,6,45,39,66,108
77: 81,35,69,92,82
78: 11,95,56,42,60
79: 89,116,24,83,91
80: 66,129,108,128,73
81: 35,77
82: 40,77,69
83: 24,51,33,79
84: 71,110
85: 27,121,0,118,124
86: 55,53,90,27,121,44
87: 123,22,20
88: 56,68,107,9,17,126
89: 116,79,137,91
90: 12,53,58,86,117,44
91: 89,79
92: 13,139,35,77,7
93: 15,100,66,73,59
94: 106,72,135,35,36,7
95: 78,42,41
96: 23,59,15,62,12,53,138
97: 23,74,18,127,138,132
98: 120,25,50,132,127,58
99: 64,113,71,26,110
100: 130,93,15,73,101,57
101: 14,75,57,38,73,100
102: 47,133,60,120,25
103: 30,122,67,63,31,128
104: 48,122,67
105: 107,11
106: 111,94,135,65,36
107: 56,68,88,11,105
108: 66,80,128,30,45,76
109: 27,0,24,61,116
110: 29,21,26,84,99
111: 106,43,135,65,113,114
112: 44,19,121,28,37
113: 64,65,99,26,114,111
114: 6,26,39,113,111,43
115: 72,43,6,8,52,74
116: 89,79,137,24,0,109
117: 44,19,58,90,120,133,32
118: 85,0,137,10,134,124
119: 49,70
120: 25,98,58,117,102,133
121: 27,85,86,112,44
122: 48,103,30,104,67
123: 87,37,22,28
124: 28,134,136,85,118
125: 19,131,32,37,22
126: 25,50,56,88,9,60
127: 12,58,138,97,98,132
128: 80,129,108,103,30,31
129: 80,128,73,38,31
130: 15,100,57,62,34
131: 47,42,32,125,54
132: 50,98,97,18,127
133: 102,32,120,117
134: 10,136,124,118
135: 106,111,94,72,43
136: 10,28,134,124
137: 89,116,0,118
138: 12,127,23,97,96
139: 17,69,92,13