0: 10,24,27
6: 39,43,46,23,8,7
7: 35,52,43,6,36,8
8: 23,12,18,6,7,52
9: 13,52,18,17,50
10: 0,27,28
11: 17,56,42
12: 23,8,18,15,53,58
13: 9,35,52,40,17
14: 38,33,49,31
15: 57,51,23,12,34,53
16: 36,26,43
17: 11,50,56,13,9
18: 12,8,9,52,58,50
19: 22,37,28,44,32,47
20: 22,37
21: 39,26,29,48
22: 37,19,47,54,20
23: 12,8,46,6,15,57,59
24: 55,27,34,51,0
25: 50,56,32,58,47,42
26: 21,39,43,29,16
27: 55,24,44,10,0,28
28: 37,19,27,44,10
29: 21,26
30: 49,45,48
31: 49,45,46,14,38,59
32: 44,53,58,25,19
33: 14,38,51
34: 55,24,15,51
35: 13,7,52,36
36: 16,43,7,35
37: 22,28,19,20
38: 14,33,57,59,31
39: 21,26,43,46,6,45
40: 13
41: 42,54
42: 47,41,54,11,25,56
43: 39,26,6,16,36,7
44: 53,32,55,27,28,19
45: 30,31,48,39,46
46: 39,6,31,45,59,23
47: 42,54,25,22,19
48: 30,45,21
49: 30,31,14
50: 17,25,56,18,9
51: 33,15,24,34
52: 13,7,9,35,8,18
53: 44,32,58,15,12,55
54: 47,41,42,22
55: 24,27,34,44,53
56: 11,17,50,25,42
57: 38,15,59,23
58: 53,32,12,18,25
59: 38,57,31,46,23