0: 17,15,41,9,36
6: 34,29,42,32
7: 12,19,38,24,37,10
8: 27,37,10,22
9: 41,28,31,42,15,0
10: 36,7,38,37,27,8
11: 47
12: 19,7,30,40,24
13: 27
14: 35,26,34,29
15: 32,38,9,36,0
16: 43,31,42,46,35,34
17: 0,36
18: 30,33,40
19: 12,7,30,29,32
20: 45,43,46
21: 23,41,28,47
22: 39,8
23: 21,44
24: 37,12,7
25: 33
26: 48,33,14,29
27: 39,8,36,10,13
28: 41,9,31,44,21
29: 34,6,14,48,26,19
30: 48,18,40,12,19
31: 16,42,46,44,9,28
32: 15,38,6,19
33: 48,26,25,18
34: 6,29,35,14,16
35: 14,34,16
36: 10,15,38,17,0,27
37: 24,7,10,8
38: 32,15,7,36,10
39: 27,22
40: 18,30,12
41: 9,28,21,0,47
42: 16,31,6,9
43: 16,46,20
44: 45,31,46,28,23
45: 20,44,46
46: 16,43,31,20,44,45
47: 11,41,21
48: 30,26,33,29