0: 10,24,27
6: 46,39,43,7,23,8
7: 36,43,35,6,8,52
8: 23,12,6,7,18,52
9: 13,18,52,50,17
10: 0,27,28
11: 68,56,41
12: 23,8,15,18,58,62
13: 9,52,35,69
14: 49,70,38,33
15: 57,59,23,12,34,62
16: 36,65,64
17: 56,9,69,68
18: 9,52,12,8,58,50
19: 22,37,28,44,32,47
20: 22,37
21: 29,26,48,39,45
22: 37,19,47,54,20
23: 12,8,46,6,59,15
24: 27,51,61,0
25: 60,50,32,58,47,42
26: 29,21,71,64,39,65
27: 55,24,61,44,10,0,28
28: 37,19,27,44,10
29: 21,26,71
30: 31,63,48,67,45
31: 30,70,45,66,38,59
32: 44,53,58,25,19,47
33: 57,38,14,51
34: 51,61,57,15,62
35: 36,7,13
36: 16,43,7,35
37: 22,28,19,20
38: 57,33,59,70,31,14
39: 46,6,45,66,21,26,43
40: 69
41: 42,54,11
42: 47,41,54,60,25
43: 36,7,65,39,6
44: 53,32,55,27,28,19
45: 39,66,48,21,30,31
46: 39,6,66,23
47: 42,54,32,25,22,19
48: 67,21,30,45
49: 70,63,14
50: 60,25,18,9,58
51: 24,34,61,57,33
52: 13,18,9,7,8
53: 44,32,58,62,55
54: 47,41,42,22
55: 27,61,44,53,62
56: 60,17,11,68
57: 38,33,59,15,34,51
58: 53,32,12,18,50,25
59: 57,38,15,31,66,23
60: 56,50,25,42
61: 55,24,27,34,51
62: 53,15,12,55,34
63: 30,70,67,49
64: 26,71,16,65
65: 16,43,26,64
66: 46,39,45,31,59
67: 48,30,63
68: 11,56,17
69: 40,13,17
70: 31,63,49,14,38
71: 29,26,64