0: 17,41,15,9,36
6: 34,29,42,32
7: 12,51,19,24,37,53
8: 22,37,10,27
9: 31,42,15,28,0,41
10: 36,53,37,8,27
11: 47,17
12: 51,7,30,40,24
13: 52,50
14: 49,26,35,34,29
15: 32,38,9,36,0
16: 46,31,42,35,43,34
17: 0,50,41,11
18: 30,33,40
19: 32,29,51,7
20: 45,43,46
21: 23,28,41,47
22: 8,39
23: 21,28,44
24: 37,12,7
25: 54,33
26: 14,48,33,29
27: 39,10,8,52
28: 21,23,31,44,9,41
29: 34,6,26,14,48,19
30: 48,33,18,40,12,51
31: 16,46,42,44,9,28
32: 15,38,19,6,42
33: 48,30,25,26,18
34: 6,29,14,35,16
35: 14,55,34,16
36: 10,15,38,0,50
37: 24,7,10,53,8
38: 32,15,36,53
39: 27,22,52
40: 18,30,12
41: 17,0,9,21,28,47
42: 16,31,6,32,9
43: 16,46,20
44: 45,46,31,23,28
45: 20,44,46
46: 16,31,43,20,44,45
47: 11,21,41
48: 30,33,26,29
49: 14,55
50: 17,36,13
51: 12,7,30,19
52: 13,39,27
53: 10,7,38,37
54: 25
55: 49,35