0: 9,68,146,96,50,84,17
6: 29,34,125,32,106,42
7: 92,98,12,38,109,24
8: 95,24,144,92,139
9: 112,0,68,75,96,74
10: 36,53,146,27,86
11: 123,148,100
12: 140,109,24,82,7
13: 50,84,52,117,141
14: 97,94,69,102,87,104
15: 32,59,105,36,103,112
16: 72,114,43,142,135
17: 67,123,0,41,96,50
18: 30,83,132,90
19: 38,109,145,51,59,106
20: 130,111,81
21: 89,23,60
22: 138,113,120,39,76,91
23: 21,89,93,122,45,118
24: 82,144,12,99,92,7,8
25: 63,54,33,26,104
26: 87,104,25,33,132,48,58
27: 39,52,86,10,146,84
28: 41,96,74,129,118,89,143
29: 6,34,69,145,65,58,106
30: 18,79,124,110,48,132
31: 80,129,61,44,46,133
32: 59,106,15,6,105,42
33: 127,132,54,25,26
34: 29,6,97,69,114,142,125
35: 77,128,88,94,72,114
36: 10,53,103,15,112
37: 113,120,139,92,98,53,86
38: 19,109,59,7,98,103
39: 27,52,86,120,22,76
40: 140,79,124,119,131
41: 28,96,47,143,17,123
42: 105,133,6,61,125,32
43: 16,72,85,135,56,46
44: 56,116,46,122,80,31
45: 66,93,122,116,23
46: 56,44,43,61,135,31
47: 60,143,41,100
48: 30,110,132,26,65,58
49: 102,147
50: 13,84,0,67,17
51: 140,124,110,19,109
52: 39,27,13,76,117
53: 36,10,103,98,37,86
54: 25,127,33
55: 77,128,62
56: 44,46,43,85,136
57: 138,126,134
58: 65,87,26,69,48,29
59: 32,106,15,19,38,103
60: 47,143,21,89
61: 135,125,46,42,133,31
62: 55,77,130
63: 25,102,104
64: 73,70,136,116,66
65: 145,58,110,48,29
66: 93,45,64
67: 17,123,148,50,141
68: 112,0,9,146
69: 97,14,87,58,29,34
70: 73,81,64,111,136
71: 95,113,138,126
72: 16,43,77,35,115,85
73: 81,70,64
74: 28,96,75,129,9
75: 105,133,129,112,9,74
76: 91,101,39,52,22
77: 55,128,62,35,130,72,115
78: 119
79: 30,124,90,119,40
80: 129,118,31,44,122
81: 73,70,20,111
82: 24,131,12,99
83: 127,132,18
84: 13,50,0,146,27
85: 111,115,72,43,56
86: 39,27,10,53,37,120
87: 26,104,14,69,58
88: 147,128,35,94
89: 21,23,118,28,60,143
90: 18,79,119
91: 76,101,134,138,22
92: 7,98,24,8,37,139
93: 66,45,23
94: 97,14,88,102,35
95: 8,139,71
96: 28,41,74,0,9,17
97: 14,94,69,114,34
98: 92,7,38,53,103,37
99: 24,82,144
100: 41,47,11,123
101: 76,91,137,134,107
102: 49,63,104,14,94
103: 36,53,38,59,15,98
104: 87,26,63,25,102,14
105: 42,75,133,32,15,112
106: 32,59,145,29,6,19
107: 101,134,108
108: 137,107
109: 19,38,12,51,140,7
110: 30,124,48,65,51
111: 115,85,20,81,70
112: 9,68,15,105,75,36
113: 37,120,139,71,138,22
114: 16,142,35,97,34
115: 111,85,77,130,72
116: 44,136,64,122,45
117: 141,52,13,137
118: 80,129,122,89,23,28
119: 131,90,78,79,40
120: 113,37,39,86,22
121: 64,66
122: 45,44,116,80,118,23
123: 11,67,17,41
124: 30,79,110,40,51,140
125: 61,135,142,6,34,42
126: 57,138,71
127: 33,54,83
128: 55,77,35,88,147
129: 80,118,31,75,28,74
130: 20,77,62,115
131: 119,40,82
132: 33,83,26,18,30,48
133: 105,42,75,61,31
134: 91,101,57,107
135: 61,125,16,43,142,46
136: 70,64,56,116
137: 101,117,108
138: 57,126,22,113,71,91
139: 113,37,92,95,8
140: 40,12,51,124,109
141: 117,13,67,148
142: 16,114,34,135,125
143: 60,47,89,28,41
144: 24,99,8
145: 65,29,19,106
146: 0,68,10,27,84
147: 49,88,128
148: 11,67,141