0: 238,17,442,316,298,50,453,288
6: 427,156,390,34,248,171
7: 274,92,226,389,323,242
8: 418,326,430,92,373,144
9: 263,150,334,205,293,238,442
10: 387,36,253,163,391,425,340,297
11: 277,424,123,235,198,294,320
12: 82,210,161,342,352,422
13: 254,117,349,338,437,201
14: 94,97,35,87,151,444
15: 221,213,245,215,68,358
16: 419,433,142,173,296,114
17: 238,0,325,158,41,288
18: 421,83,354
19: 180,59,343,239,217,257
20: 62,177,169,375
21: 207,194,189,331,247,409
22: 138,348,312,370,347
23: 306,182,314,330,28,89,207
24: 232,99,276,373,144,380
25: 401,230,313
26: 170,446,305,244,58,428
27: 340,336,387,337,268,426
28: 168,89,23,314,258,262
29: 106,378,435,196,384,343
30: 443,354,282,83,132,295
31: 154,357,376,80,451,266,265
32: 106,378,191,369,59
33: 127,230,313,280,237,170
34: 135,248,433,142,156,6
35: 94,14,97,88,385,128,296
36: 10,153,253,219,213,391
37: 98,323,242,86,326,234,317
38: 318,167,371,157,217,257,149
39: 312,405,278,347,275
40: 342,119,372,231,250,321
41: 158,300,319,17,345,288
42: 191,272,427,171,396,287
43: 152,332,209,269,329,135
44: 190,376,46,152,80,116
45: 64,188,284,410,281,392
46: 152,332,56,335,44,116
47: 211,309,311,199,322,228,423
48: 301,295,359,441,110,233
49: 63,147,88,102,94
50: 437,298,404,261,453,0,288
51: 145,438,165,346,416,157,239
52: 307,76,400,336,84,227,108,366
53: 163,355,391,290,344,219
54: 127,230,417
55: 224,415,181
56: 335,222,249,136,46,332
57: 126,200,379,327
58: 289,244,270,26,428,69,310
59: 19,369,180,343,32,106
60: 309,311,194,409
61: 357,190,376,172,125,133
62: 20,432,375
63: 49,401,102,104
64: 45,284,368,392,121
65: 176,359,441,435,384,145,438
66: 246,218,395
67: 198,141,454,261,429,123,349
68: 334,358,213,15,153,263
69: 439,310,196,270,58,225
70: 368,286,350,240,136,388,284
71: 113,407,260,95,362
72: 406,455,353,419,173
73: 229,286,121
74: 360,96,129,204,265,164
75: 164,293,436,129,112
76: 275,52,400,278,336
77: 130,353,181,432,224,162,394
78: 341,259,90
79: 119,124,90,443,282,259
80: 174,116,451,44,376,31
81: 251,291,449
82: 210,12,161,292,232,99
83: 208,212,18,30,132
84: 146,426,336,52,227,366
85: 406,377,115,434,111,351
86: 163,355,98,37,317,120
87: 382,102,94,14,151
88: 147,264,49,94,35,128
89: 28,168,143,23,207,194
90: 421,443,78,259,79
91: 186,347,101,275,400,187
92: 274,7,373,323,8,326
93: 299,175,223,445
94: 14,35,49,88,102,87
95: 407,71
96: 74,308,360,205,164,325,158
97: 14,35,296,151,444,114
98: 323,242,37,383,86,355
99: 232,24,292,82,273,276
100: 168,258,308,319,393,447
101: 307,400,91,187,107,137
102: 382,104,87,63,49,94
103: 236,344,452,180,178,245,221,219
104: 382,102,401,63,313,185
105: 365,178,287,245,191,369
106: 32,29,378,196,384,343,59
107: 192,166,203,137,101,187,450
108: 227,307,52,137,193,381
109: 422,226,389,149,140,161
110: 346,333,233,48,295,124
111: 206,169,115,85,216,351
112: 334,358,279,398,436,293,75
113: 71,139,260,138,271,356
114: 444,420,97,296,16,433
115: 130,434,169,111,375,85
116: 174,80,46,255,335,44
117: 13,254,201,227,381,179,315
118: 266,204,265,122,314,399,262
119: 372,79,124,231,259,40
120: 312,405,86,163,425,317,297
121: 392,246,368,229,73,64
122: 174,451,302,324,118,266,399
123: 429,345,235,11,67,198
124: 119,79,231,282,295,110,333
125: 172,171,396,329,248,190,61
126: 57,200,271,202
127: 54,230,33,417,411,237
128: 162,385,264,88,267,35
129: 436,154,265,164,75,74
130: 77,115,353,434,432,375
131: 303,250,341
132: 301,295,83,212,448,30
133: 154,172,357,61,285,279
134: 183,379,327,187,450,186
135: 329,34,248,209,142,43
136: 249,388,70,56,335,397,284,410
137: 166,107,307,101,108,193
138: 22,271,356,348,113,370,200
139: 260,418,326,234,113,356
140: 321,416,371,352,109,422,149
141: 67,198,454,148
142: 419,16,433,209,135,34
143: 168,89,194,393,311
144: 380,407,24,373,8,430
145: 384,51,438,441,65,346,233
146: 84,268,367,374,195,426,366
147: 264,88,49
148: 414,141,440
149: 109,389,140,371,318,38
150: 263,304,9,337,316,442,195
151: 339,289,382,87,14,97,444,220
152: 43,46,332,329,44,190
153: 36,253,213,68,263,304
154: 436,31,129,133,357,279,265
155: 214,324,403,364,306,243
156: 225,390,6,420,433,34
157: 239,217,51,416,371,38
158: 319,41,308,96,17,325
159: 197,193,283,315
160: 223,403,364,218,413,395
161: 82,12,109,422,226,232,274
162: 385,394,128,267,181,77
163: 86,53,355,391,425,290,10,120
164: 205,293,75,129,74,96
165: 346,333,231,51,321,416
166: 192,107,137,197,193
167: 318,38,383,257,236,290,452
168: 28,89,143,100,258,393
169: 206,177,111,375,20,115
170: 446,26,305,33,280,237,448,301
171: 125,396,427,6,248,42
172: 125,396,61,287,285,133
173: 419,16,385,394,296,353,72
174: 80,116,122,451,255,412,302
175: 223,403,93,328,243
176: 359,441,65,428,435,310
177: 206,169,20,251,386
178: 365,105,245,369,180,103
179: 283,315,254,117,414
180: 19,369,59,257,178,103,236
181: 415,267,224,55,162,77
182: 306,23,314,399,324
183: 134,379,450,203
184: 414,283
185: 313,280,382,104,408,339
186: 370,347,91,134,327,187
187: 134,450,186,91,101,107
188: 45,281,392,413,214,364
189: 328,330,331,207,21
190: 357,44,376,61,329,152,125
191: 272,42,32,378,369,105,287
192: 166,203,107,361
193: 197,159,381,108,166,137
194: 207,21,89,143,409,60,311
195: 268,146,374,150,337,316
196: 439,69,310,435,241,106,29,378
197: 159,193,166
198: 67,141,123,11,294
199: 424,322,228,47,211
200: 57,126,138,271,370,327
201: 227,366,367,338,13,117
202: 362,271,126
203: 192,107,183,450,361
204: 118,266,265,74,262,360
205: 164,293,96,9,238,325
206: 177,169,111,386,216,388,240
207: 21,194,23,189,330,89
208: 83,411,212,252
209: 419,142,269,455,135,43
210: 82,12,303,250,342,292
211: 47,393,447,363,199,228
212: 208,83,411,237,448,132
213: 221,219,15,68,36,153
214: 412,302,155,324,188,281,364
215: 431,398,365,245,15,358
216: 249,388,351,206,111,240
217: 157,239,257,371,19,38
218: 392,246,413,66,160,395
219: 221,213,103,344,53,391,36
220: 444,420,151,289,270,225
221: 219,213,15,245,103,344
222: 269,377,249,351,332,56
223: 160,175,403,299,93,395
224: 432,55,181,77
225: 156,390,270,220,420,439,69
226: 109,389,161,274,7
227: 201,108,366,84,307,52,117,381
228: 199,424,300,47,211,363,235
229: 73,246,121
230: 54,127,33,25,313
231: 119,124,165,333,40,321
232: 99,24,82,161,274,373
233: 110,346,48,441,145
234: 317,348,37,139,326,356
235: 345,123,300,424,11,228
236: 103,452,257,180,167
237: 448,127,33,212,170
238: 0,17,325,442,205,9
239: 157,217,51,438,343,19
240: 70,350,206,291,386,216,388
241: 427,390,439,196,378,272
242: 98,323,37,389,318,383,7
243: 328,330,155,175,403,306
244: 339,289,58,408,446,26
245: 365,105,178,215,103,221,15
246: 218,121,229,66
247: 409,331,21
248: 329,135,34,6,171,125
249: 216,136,388,351,222,56
250: 131,303,341,372,40,342,210
251: 81,291,386,177
252: 417,208,411
253: 387,36,10,153,304,337
254: 13,117,349,454,179,414
255: 335,397,410,281,174,116,412
256: 415,267,264
257: 217,19,180,38,167,236,452
258: 308,262,360,28,168,100
259: 78,341,90,119,372,79
260: 139,418,430,407,113,71
261: 437,50,429,345,288,349,67
262: 258,360,118,204,314,28
263: 304,150,9,334,68,153
264: 147,88,256,267,128
265: 118,266,204,31,154,129,74
266: 118,204,265,122,451,31
267: 256,415,181,264,162,128
268: 146,195,426,337,27
269: 222,377,455,419,209,43,332
270: 289,58,220,439,69,225
271: 138,113,202,126,200
272: 191,42,427,241,378
273: 276,292,99
274: 7,92,373,161,226,232
275: 76,400,39,278,347,91
276: 273,99,24,380
277: 424,322,11,320,402
278: 340,336,297,39,405,275,76
279: 285,398,436,154,133,112
280: 313,185,33,170,408,446
281: 45,188,410,255,412,214
282: 30,443,295,79,124
283: 179,315,159,184
284: 45,64,410,136,70,368,397
285: 431,279,398,172,287,133
286: 70,368,350,449,73
287: 365,105,191,42,172,396,285,431
288: 345,0,17,41,50,261
289: 339,151,244,270,58,220
290: 344,452,383,167,53,163,355
291: 251,81,386,350,240,449
292: 303,82,210,273,99
293: 205,164,75,112,334,9
294: 320,11,198
295: 301,48,132,30,282,124,110
296: 385,97,35,114,16,173
297: 278,340,425,10,405,120
298: 50,404,453,0,374
299: 93,395,223
300: 319,41,363,345,235,228
301: 48,132,295,448,170,305,359
302: 412,214,324,174,122
303: 131,250,292,210
304: 263,150,337,153,253
305: 170,446,26,301,359,428
306: 182,23,155,324,330,243
307: 101,52,400,227,108,137
308: 258,360,96,100,158,319
309: 60,311,47,423
310: 69,196,58,176,428,435
311: 309,60,143,194,47
312: 39,405,120,317,348,22,347
313: 185,280,401,25,230,33,104
314: 182,23,399,118,262,28
315: 283,179,117,159,381
316: 150,0,442,374,195,453
317: 234,348,37,86,312,120
318: 38,383,167,389,149,242
319: 158,300,41,308,100,447,363
320: 294,277,11,402
321: 140,416,231,165,40,342,352
322: 277,199,424,47,423
323: 98,242,37,7,92,326
324: 214,302,155,122,306,182,399
325: 238,17,205,96,158
326: 139,8,418,92,323,37,234
327: 134,379,370,186,57,200
328: 189,330,243,175
329: 135,248,43,152,125,190
330: 328,189,243,306,23,207
331: 189,21,247
332: 43,46,152,222,269,56
333: 110,165,346,124,231
334: 112,68,358,293,263,9
335: 255,56,397,136,46,116
336: 27,278,340,84,426,52,76
337: 304,150,387,253,27,268,195
338: 437,404,367,201,13
339: 151,289,244,185,382,408
340: 27,278,336,297,387,10
341: 78,259,372,131,250
342: 40,352,250,321,210,12
343: 384,438,106,29,239,19,59
344: 103,290,452,221,219,53
345: 429,123,235,288,300,41,261
346: 110,165,333,233,51,145,438
347: 370,186,91,312,39,22,275
348: 234,317,312,22,138,356
349: 13,254,437,261,67
350: 70,286,240,449,291
351: 249,216,111,85,222,377
352: 342,140,321,12,422
353: 77,130,434,394,173,72,406
354: 30,443,421,18
355: 86,53,163,383,290,98
356: 138,139,234,348,113
357: 190,376,61,31,154,133
358: 112,334,68,215,398,15
359: 176,441,65,428,305,301,48
360: 258,74,308,262,96,204
361: 192,203
362: 71,202
363: 211,447,300,319,228
364: 160,403,188,413,214,155
365: 105,178,287,245,431,215
366: 201,227,84,367,146,52
367: 146,374,338,404,201,366
368: 70,286,64,284,121
369: 180,59,32,191,105,178
370: 186,347,22,138,200,327
371: 140,416,157,217,149,38
372: 119,341,259,250,40
373: 274,92,232,24,144,8
374: 367,146,195,316,298,404,453
375: 169,432,20,62,115,130
376: 357,44,190,61,80,31
377: 85,222,269,406,455,351
378: 32,106,29,196,241,191,272
379: 183,134,327,57
380: 144,276,24
381: 193,227,108,117,315
382: 102,104,87,185,339,151
383: 318,167,290,98,242,355
384: 145,438,343,65,435,106,29
385: 162,394,128,296,35,173
386: 251,291,206,177,240
387: 10,253,337,27,340
388: 249,216,136,206,70,240
389: 109,226,149,318,7,242
390: 427,156,225,241,6,439
391: 53,163,425,219,36,10
392: 218,121,413,45,64,188
393: 211,447,168,143,100
394: 162,385,77,353,173
395: 299,218,66,160,223
396: 172,171,125,42,287
397: 255,335,136,284,410
398: 285,431,215,279,436,112,358
399: 182,314,122,324,118
400: 307,101,275,52,76,91
401: 25,63,313,104
402: 277,320
403: 160,175,223,364,155,243
404: 338,437,298,50,367,374
405: 312,39,120,425,278,297
406: 85,72,377,455,353,434
407: 144,260,430,95,71
408: 446,185,280,339,244
409: 247,21,194,60
410: 45,284,281,136,255,397
411: 208,212,252,417,127
412: 214,302,255,281,174
413: 392,218,188,160,364
414: 184,148,254,454,179
415: 256,267,181,55
416: 140,321,371,165,51,157
417: 252,54,127,411
418: 139,8,260,326,430
419: 16,209,142,173,72,269,455
420: 444,220,114,433,156,225
421: 90,18,354
422: 109,352,140,12,161
423: 47,309,322
424: 277,199,322,11,228,235
425: 163,391,10,405,120,297
426: 84,268,146,27,336
427: 241,390,6,272,42,171
428: 176,359,26,305,58,310
429: 345,123,261,67
430: 8,260,418,144,407
431: 285,215,398,365,287
432: 224,62,77,130,375
433: 16,142,114,420,156,34
434: 115,130,353,85,406
435: 176,65,310,196,384,29
436: 154,129,279,398,112,75
437: 338,50,404,261,13,349
438: 384,51,145,343,65,346,239
439: 69,196,270,225,241,390
440: 198,141,294,148
441: 176,359,65,48,233,145
442: 238,0,150,9,316
443: 30,354,282,90,79
444: 220,114,420,14,97,151
445: 93
446: 170,408,26,305,280,244
447: 211,393,363,100,319
448: 237,212,170,301,132
449: 286,350,81,291
450: 183,134,187,203,107
451: 174,80,122,31,266
452: 103,236,290,344,257,167
453: 298,50,316,0,374
454: 67,141,254,414
455: 72,269,406,377,419,209