0: 50,146,150,9,96,17
6: 42,34,196,32,69,171
7: 109,161,24,149,8,92
8: 95,139,92,24,7,144
9: 112,150,68,75,164,96,0
10: 27,163,153,36,53,68,86
11: 199,123,198
12: 131,40,140,82,161
13: 117,184,50,201,67,141
14: 94,104,102,87,97,151
15: 191,178,105,36,112
16: 72,114,142,135,173,85,43
17: 123,67,41,96,0,50
18: 83,132,90,79,30
19: 38,180,145,106,51,157,59
20: 130,169,177
21: 175,23,194
22: 91,138,113,120,39,76
23: 118,89,182,21,175,189,194
24: 99,82,7,161,144,8
25: 54,33,63,185
26: 87,58,176,185,104,170
27: 39,10,163,153,84,195,52
28: 80,129,118,89,74,168
29: 145,65,106,58,176,69,196
30: 124,110,18,132,48,79
31: 44,190,61,174,80,154
32: 42,6,196,106,191,59
33: 54,25,127,185,132,170
34: 42,6,196,156,69,142,171
35: 88,94,128,162,173,97,114
36: 103,53,178,15,112,68,10
37: 113,120,86,98,139,92
38: 19,180,157,109,167,149,103
39: 27,163,120,22,76,52
40: 119,131,12,124,140,165
41: 123,17,158,96,100,199
42: 6,34,32,171,172
43: 56,85,16,135,152,46
44: 46,31,116,190,174
45: 188,122,136,64,116
46: 44,116,190,56,43,152
47: 100,199,143,60
48: 132,170,176,30,110,65
49: 88,94,147,102
50: 0,146,201,67,17,13
51: 140,165,157,110,145,65,19
52: 76,137,39,27,84,201,117
53: 36,103,167,98,86,10
54: 25,33,127
55: 128,181
56: 111,85,43,136,70,46,116
57: 134,186
58: 87,26,176,151,69,65,29
59: 191,178,106,32,19,180
60: 194,143,47
61: 125,172,31,190,133,154
62: 77,181,130
63: 104,102,25
64: 73,136,121,188,45,66
65: 145,29,48,58,176,110,51
66: 93,160,64,121,188
67: 123,17,50,13,141,198
68: 112,150,9,36,10,153
69: 156,151,58,29,6,34,196
70: 73,136,81,177,111,56
71: 126,95,139,113,200
72: 16,77,173,115,85
73: 136,70,64,81
74: 158,164,96,129,28,168
75: 105,133,129,154,112,9,164
76: 52,101,137,39,91,22,187
77: 162,181,130,115,72
78: 90,119
79: 90,18,124,30,119
80: 129,154,28,31,174,118
81: 177,73,70
82: 99,24,131,12,161
83: 18,127,132
84: 146,195,201,27,52
85: 111,56,43,115,16,72
86: 37,120,98,53,10,163
87: 26,58,104,14,151
88: 49,35,94,147,128
89: 118,23,28,143,168,194
90: 79,18,78
91: 138,22,186,76,187
92: 8,139,7,149,98,37
93: 66,155,160,175
94: 49,88,35,14,102,97
95: 8,139,144,71
96: 158,164,74,9,0,17,41
97: 156,151,35,94,14,114
98: 167,149,53,92,37,86
99: 82,24,144
100: 47,199,158,143,41
101: 76,137,108,107,187
102: 63,104,49,94,14
103: 36,53,38,180,178,167
104: 63,185,102,14,87,26
105: 133,75,172,191,15,112
106: 145,29,196,32,19,59
107: 193,203,101,108
108: 117,179,101,137,107,193,159
109: 7,161,140,157,38,149
110: 124,30,48,65,51,165
111: 56,85,115,169,70
112: 150,9,68,15,105,133,75,36
113: 37,120,139,71,138,22,200
114: 16,142,135,35,173,97,156
115: 130,169,77,72,111,85
116: 46,44,56,136,45
117: 13,184,179,108,52,137
118: 89,23,182,174,122,80,28
119: 131,40,78,79,124
120: 113,37,86,39,163,22
121: 64,66
122: 174,188,45,155,160,118,182
123: 67,17,41,11,199,198
124: 30,110,79,119,40,165
125: 61,171,172,152,135,190
126: 71,202,200
127: 54,33,83
128: 55,147,88,35,162,181
129: 80,154,28,75,164,74
130: 20,115,169,62,77
131: 119,40,12,82
132: 48,170,33,83,18,30
133: 105,75,61,172,154,112
134: 57,186,183,187
135: 16,114,142,43,171,125,152
136: 73,70,64,56,116,45
137: 76,52,101,117,108
138: 91,22,186,200,113
139: 95,8,92,113,37,71
140: 51,165,157,40,12,109,161
141: 148,198,67,13,184
142: 16,114,135,156,34,171
143: 168,89,158,194,60,100,47
144: 99,24,95,8
145: 65,29,106,51,19
146: 0,50,84,195,150
147: 128,49,88
148: 141,198
149: 167,98,38,109,7,92
150: 112,9,68,153,0,146,195
151: 97,156,69,14,87,58
152: 125,135,43,46,190
153: 27,10,150,68,195
154: 80,129,61,31,133,75
155: 93,160,122,182,189
156: 97,151,69,114,142,34
157: 140,51,19,38,109
158: 96,74,143,168,41,100
159: 197,179,108,193
160: 93,66,155,188,122
161: 109,7,12,140,82,24
162: 77,173,181,128,35
163: 39,27,10,120,86
164: 96,74,75,129,9
165: 140,51,124,110,40
166: 192,197
167: 149,98,38,103,53
168: 143,28,89,158,74
169: 130,20,115,177,111
170: 132,48,33,185,26,176
171: 125,172,142,135,42,6,34
172: 61,171,125,42,105,133
173: 162,35,16,72,114
174: 122,44,31,80,118
175: 21,189,93,23
176: 26,58,48,170,65,29
177: 81,20,169,70
178: 191,59,15,180,36,103
179: 117,184,108,159
180: 19,38,59,178,103
181: 162,77,55,128
182: 118,23,122,155,189
183: 192,203,134
184: 117,13,179,141
185: 104,25,33,170,26
186: 91,138,200,57,134,187
187: 91,186,76,101,134
188: 122,45,64,66,160
189: 175,155,23,182
190: 46,44,31,61,125,152
191: 59,178,15,32,105
192: 183,166,203
193: 107,108,159,197
194: 60,89,23,21,143
195: 84,146,150,27,153
196: 6,34,32,69,29,106
197: 159,166,193
198: 148,141,123,67,11
199: 100,11,47,123,41
200: 138,186,113,71,126
201: 50,84,52,13
202: 126
203: 107,183,192