0: 45,26,49,35
6: 51,52,31,8
7: 20,43,30
8: 31,27,6,20,43,9
9: 13,43,8,27,17,19
10: 28,44,48,18
11: 17,36,37,41
12: 40,47,22,27,19
13: 43,9,30,41,17
14: 39
15: 39,21,25,31,22
16: 20,29,46,51
17: 11,36,19,13,9,41
18: 10,28,44,40,42,23
19: 17,23,36,9,40,12
20: 7,16,51,8,43
21: 25,15,24,22,45,32
22: 31,27,21,15,32,47,12
23: 36,19,40,28,18,34
24: 21,25,33,49,45
25: 39,21,15,24,33
26: 0,32,42,35,44
27: 31,22,8,9,12
28: 10,18,23,34
29: 46,16
30: 7,13,43
31: 22,8,27,6,15
32: 45,26,21,22,42,47
33: 25,24
34: 23,36,37,28
35: 50,0,26,44
36: 11,17,23,37,19,34
37: 11,36,34
38: 46,52
39: 25,15,14
40: 42,47,12,23,19,18
41: 13,11,17
42: 40,47,32,26,44,18
43: 13,9,20,7,8,30
44: 10,18,26,42,35,50
45: 0,32,21,24,49
46: 38,51,29,16
47: 40,42,12,22,32
48: 10,50
49: 24,0,45
50: 35,44,48
51: 6,46,52,20,16
52: 6,38,51