0: 49,70,45,35
6: 53,52,31,8,57
7: 20,30,43
8: 67,53,6,20,80
9: 13,65,67,12,19,17
10: 18,44,48,28
11: 74,54,17,36,37
12: 47,73,67,27,9,19
13: 43,9,65,81,60,17,54
14: 39,58,25
15: 24,21,25,31,22,57
16: 20,29,53,51
17: 19,36,13,9,11,54
18: 10,44,77,40,76,28,23
19: 17,36,9,73,76,12
20: 7,16,53,8,43,80
21: 24,15,56,22,72,32
22: 27,57,21,15,32,47
23: 34,28,76,36,18
24: 21,25,15,56,69,61
25: 24,15,14,39,31,61
26: 45,32,42,35,68,77
27: 22,67,57,47,12
28: 34,23,10,18
29: 51,16
30: 7,43,78
31: 6,52,39,25,15,57
32: 72,26,21,22,42,47
33: 59,63,62
34: 28,23,36,37
35: 68,45,26,0
36: 19,17,11,34,23,37
37: 36,11,34
38: 39,46,52
39: 14,38,31,25
40: 42,47,73,76,18,77
41: 74,66,54,79
42: 40,47,32,26,77
43: 13,80,20,7,30,60
44: 10,18,48,77,68
45: 72,26,75,70,0,35
46: 38,52,51
47: 40,42,73,12,22,27,32
48: 10,44,50,68
49: 70,71,0
50: 68,48
51: 53,52,46,29,16
52: 53,6,51,31,46,38
53: 6,52,51,20,16,8
54: 74,11,41,13,81,79,17
55: 71,69,59,56,75
56: 24,21,69,55,72,75
57: 22,67,27,6,31,15
58: 62,14,61
59: 33,71,55
60: 81,78,13,43
61: 69,63,58,62,24,25
62: 58,33,61,63
63: 33,69,61,62
64: 79,78
65: 13,9,80,67
66: 74,41
67: 8,27,57,9,65,12
68: 35,50,26,44,48
69: 61,63,24,56,55
70: 49,71,45,75,0
71: 49,70,55,59
72: 45,32,75,21,56
73: 40,47,76,12,19
74: 66,11,54,41
75: 72,45,56,70,55
76: 40,73,19,18,23
77: 18,44,26,40,42
78: 81,64,60,79,30
79: 81,64,78,54,41
80: 43,65,20,8
81: 60,79,78,13,54