0: 49,70,45,35
6: 53,52,31,57,8
7: 20,30,43
8: 65,53,6,20,67
9: 13,65,12,67,19,17
10: 18,44,48,28
11: 74,54,17,36,37
12: 67,27,9,47,73,19
13: 43,9,65,54,60,17
14: 39,58,25
15: 24,21,25,31,22,57
16: 20,29,53,51
17: 19,36,13,9,54,11
18: 10,44,40,42,76,28,23
19: 17,36,12,9,73,76,23
20: 7,16,53,43,8
21: 24,15,56,22,72,32
22: 27,57,21,15,47
23: 34,28,76,19,36,18
24: 21,25,15,56,69,61
25: 24,15,58,14,39,61
26: 45,32,42,35,68,44
27: 12,22,67,57,47
28: 34,23,10,18
29: 51,16
30: 7,43,60
31: 6,52,39,15,57
32: 72,45,26,21,42,47
33: 59,62,63
34: 28,23,36,37
35: 68,0,45,26
36: 19,17,11,34,23,37
37: 36,11,34
38: 39,46,52
39: 14,38,31,25
40: 42,47,73,76,18
41: 54,64,74,66
42: 40,47,32,26,18,44
43: 13,65,20,7,60
44: 10,18,48,26,42,68
45: 72,32,26,75,70,0,35
46: 38,52,51
47: 40,42,73,12,22,27,32
48: 10,44,50,68
49: 70,71,0
50: 68,48
51: 53,52,46,29,16
52: 53,6,51,31,46,38
53: 6,52,51,20,16,8
54: 60,41,13,17,74,11
55: 71,69,59,56,75
56: 24,21,69,55,72,75
57: 22,67,27,6,31,15
58: 14,62,61,25
59: 33,71,55
60: 54,64,13,43
61: 69,62,63,58,24,25
62: 33,63,61,58
63: 33,69,62,61
64: 60,41
65: 13,43,9,8,67
66: 74,41
67: 12,27,57,9,65,8
68: 35,50,26,44,48
69: 63,61,24,56,55
70: 49,71,0,45,75
71: 49,70,55,59
72: 45,32,75,21,56
73: 40,47,76,12,19
74: 66,11,54,41
75: 72,45,56,70,55
76: 40,73,19,18,23