0: 24,32,35
6: 16,38,20,31,8
7: 13,9,30,20,8
8: 31,27,6,20,7,9
9: 13,7,8,27,19,17
10: 35
11: 37
12: 19,40,22,27
13: 7,9,30,17
14: 39,25
15: 31,22,39,21
16: 6,38,29,20
17: 23,36,13,9,19
18: 26,40,23,28
19: 12,40,27,9,17,23
20: 6,16,8,7
21: 39,25,22,15,24,32
22: 31,27,15,21,32,12
23: 17,36,18,19,28,34
24: 0,21,25,33
25: 39,21,33,14,24
26: 18,40,32,35
27: 31,22,8,9,19,12
28: 18,23,34
29: 16
30: 13,7
31: 22,8,27,15,6
32: 0,21,22,26,40
33: 25,24
34: 23,36,37,28
35: 0,26,10
36: 17,23,37,34
37: 11,36,34
38: 6,16
39: 21,25,14,15
40: 18,26,19,12,32