0: 45,32,26,49,35
6: 46,38,20,16,31,8
7: 20,43,30
8: 31,27,6,20,43,9
9: 13,43,8,27,19,17
10: 48,18
11: 17,36,37,41
12: 19,40,47,22,27
13: 43,9,30,17,41
14: 39
15: 39,21,25,31,22
16: 20,29,6,46
17: 11,36,41,13,9,19
18: 42,40,23,10,28,44
19: 12,40,9,17,23
20: 7,16,6,8,43
21: 25,15,24,22,45,32
22: 31,27,21,15,32,12,47
23: 36,18,19,40,28,34
24: 21,25,33,45,49
25: 39,21,15,24,33
26: 0,32,42,35,44
27: 31,22,8,9,12
28: 18,23,34
29: 46,16
30: 13,43,7
31: 22,8,27,6,15
32: 0,45,26,21,22,42,47
33: 25,24
34: 23,36,37,28
35: 50,0,26,44
36: 11,17,23,37,34
37: 11,36,34
38: 6,46
39: 25,15,14
40: 18,42,19,12,47,23
41: 11,17,13
42: 18,40,47,32,26,44
43: 13,9,30,20,7,8
44: 48,26,18,42,35,50
45: 0,32,49,21,24
46: 6,38,29,16
47: 42,12,40,22,32
48: 10,44,50
49: 0,45,24
50: 35,44,48