0: 491,765,710,698,723,674
6: 395,683,744,52,552,999
7: 331,520,696,973,182
8: 656,809,799,80,694,192,67
9: 447,155,997,940,732,230,375
10: 883,28,595,926,949,351
11: 583,591,145,260,401
12: 880,584,273,556,801,823,285,168
13: 88,338,981,408,248,942
14: 557,695,439,791,39,634,566
15: 579,261,575,898,175,426,341
16: 403,649,1034,453
17: 438,700,149,602,648,821,578,542
18: 86,282,680,855,178,310
19: 599,722,398,432,139,76,917
20: 274,1058,762,109,102,53,355,914
21: 177,603,709,874,224,763,620
22: 743,753,231,854,27,617,919,147,1039,1051
23: 272,600,152,878,818,370
24: 234,492,1044,746,494,538
25: 220,712,1004,1046,214,759,945
26: 193,289,443,675,98,381,137
27: 148,131,1049,617,919,135,743,22
28: 10,595,882,687,372,926,370
29: 757,705,841,288,473
30: 824,973,182,78,140,81
31: 791,643,634,985,999,412,202
32: 789,519,864,354,877,937,568
33: 895,110,326,458,259,729,361
34: 128,1005,510,152,738,641
35: 1012,1020,191,711,778,394
36: 358,369,290,541,573,332
37: 707,82,755,641,265
38: 791,39,643,889,685,46,1029
39: 791,38,347,685,14,557
40: 619,528,197,479,523,802,348
41: 268,345,482,853,487,258
42: 279,748,254,662,409,414,77
43: 417,271,274,762,995,733
44: 956,97,108,546,460,852,86
45: 424,976,1030,1036,899,607,217
46: 881,298,889,38,643,1029
47: 678,236,748,1047,556,681,168,254
48: 764,646,840,595,1031
49: 691,944,445,580
50: 138,161,637,291,123,442
51: 889,881
52: 829,552,985,83,999,6
53: 353,355,914,297,102,20
54: 163,671,847,938,484,250
55: 188,59,601,259,525,361
56: 690,927,909,590,1023,798,166,761,1056
57: 202,554,903,717,365,945
58: 531,772,461,1033,132,684
59: 188,55,1045,601
60: 501,954,232,886,756,449,275
61: 318,946,466,448,735,196
62: 868,754,104,534,644,380
63: 176,727,95,531,684,816
64: 582,270,336,860,766,313
65: 815,417,271,228,809,975
66: 145,642,260,345,724,833,830
67: 809,8,192,228,201,585,859
68: 503,827,264,356,963,977,920,570
69: 176,727,690,324,406,513,761
70: 1022,814,608,720,910,843,793
71: 691,1045,601,505,615
72: 519,317,864,508,451,289
73: 872,360,879,807,1040,667,529
74: 834,222,393,833,469,830,609
75: 605,203,720,771,899,217,608
76: 1021,619,702,564,851,19,722,139
77: 632,414,597,948,42,965,1025,409
78: 536,973,30,81
79: 758,258,808
80: 656,809,8,355,762,271
81: 363,140,550,536,78,30,276
82: 707,37,495,989,441,243,265
83: 829,52,552,84,186,430
84: 160,298,980,561,829,83,430
85: 218,385,1000,343,716,244
86: 680,18,852,310,546,44,463
87: 763,620,673,359,721,831,157
88: 740,338,13,204,240,125,942
89: 984,301,486,480,996,576
90: 739,811,517,850,402,419
91: 622,218,385,569,850,407,419
92: 908,367,787,784,907,216
93: 920,794,785,768,467,356
94: 618,227,728,105,668,508,451
95: 300,677,531,972,816,63
96: 428,262,157,721,831,386,1041
97: 956,1026,44,444,460,425,797
98: 456,688,381,26,193,137
99: 462,454,838,599,398,290,747
100: 292,390,1028,342,935,752
101: 106,891,498,246,1043,209,932,311
102: 757,705,190,297,53,109,20
103: 578,391,551,714,306,658,438,670
104: 196,868,754,62,537,849
105: 94,728,451,193,246,381,932
106: 891,101,1014,1043,835,936,311,1010
107: 490,313,1048,740,204,293,322
108: 978,956,546,44,179,840
109: 274,1058,20,757,751,102
110: 33,326,458,913,352,775,361
111: 200,494,760,234,927,590,489
112: 1006,369,917,139,855,178
113: 422,174,252,439,318,448
114: 993,452,252,611,318,466
115: 364,547,820,340,968,323,195
116: 866,777,392
117: 851,472,480,951,309,512,1032
118: 901,481,459,806,922,173
119: 742,828,960,475,719,976,544,1030
120: 435,416,624,162,483,1037,726
121: 400,194,653,819,277,950,629
122: 483,518,1037,893,725,154,703
123: 161,50,291,1024,1035,862,832
124: 994,633,1049,151,135,238
125: 346,204,240,942,484,88,847
126: 324,713,406,299,387,971,485
127: 363,504,287
128: 776,1005,510,320,34
129: 456,688,846,467,827,356
130: 835,936,686,1010,594,819,629
131: 148,27,617,919,172,953,560,206
132: 58,1033,684,200,911,760,736
133: 548,307,545,354,586,279,662,925
134: 272,878,573,680,855,1006,358,857
135: 151,585,859,148,27,1049,124
136: 469,912,905,630,477
137: 245,303,26,675,731,98,688
138: 161,637,50,362,233,1016
139: 19,1021,76,178,112,917
140: 81,550,966,30,824,225
141: 567,970,159,682,337,820
142: 560,579,206,627,647,770,1008
143: 875,1018,967,622,810,1060,589,581
144: 431,880,273,571,421,476,823,947
145: 260,66,905,830,401,11
146: 242,769,626,649,520,696
147: 549,341,1039,1051,261,854,22,231
148: 131,27,750,988,172,192,135,859
149: 602,962,648,821,17,542
150: 170,986,413
151: 1038,135,585,859,437,1049,994,633,124
152: 600,23,738,818,510,34
153: 921,415,893,788,389,518
154: 907,725,216,604,703,122,1037
155: 447,187,9,997,940,990
156: 651,382,894,856,891,1014,498,312
157: 661,515,673,87,831,386,1041,96
158: 224,166,513,357,961,1050,1056,603
159: 970,910,843,1027,141,820
160: 980,84,561,991
161: 138,50,123,867,362,832
162: 790,930,672,483,562,726,120
163: 671,847,54,296,335,248
164: 242,626,995,751,274,1058
165: 575,664,175,532,220,712,627
166: 158,961,1056,56,909,1023,603,1001
167: 284,930,672,990,593,749,187
168: 965,285,1061,681,254,12,556,47
169: 941,542,663,648,296
170: 150,986,316,1000,778,716
171: 836,229,210,631,328,1015
172: 813,750,902,988,953,148,131
173: 654,922,464,901,806,118,974,610
174: 422,1046,113,214,439,566,554
175: 575,165,898,15,579,627,261
176: 63,727,69,405,816,971,406
177: 21,603,709,874,1017,701,553,249
178: 282,855,18,1021,702,139,112
179: 897,108,546,840,1031,882
180: 514,1016,621,305,795,362,1003,286
181: 191,674,195,364,711,194
182: 520,7,973,418,30,824
183: 304,730,425,931,614,797
184: 533,615,267,708,410,780,266
185: 655,575,898,1009,249,822
186: 190,430,297,552,83,353
187: 447,155,207,792,593,167,990
188: 59,55,221,259,502
189: 227,728,500,786,856,498,246
190: 186,349,430,297,705,102
191: 698,674,181,711,1020,35
192: 799,8,67,988,148,585,859
193: 451,26,289,105,98,381
194: 711,400,121,653,181,195
195: 181,364,115,653,968,194
196: 868,104,849,946,61,466
197: 839,623,479,523,348,40
198: 442,1019,1060,637,967,592,638
199: 679,1035,862,1042,730,832
200: 644,911,380,111,494,760,538,132
201: 585,437,809,67,228,465,817
202: 412,566,57,554,903,31,634
203: 605,639,500,75,771,786
204: 240,125,88,740,107,322
205: 738,641,332,265,541,294,989
206: 560,142,579,261,854,131,617
207: 915,692,792,593,924,187
208: 438,700,1002,379,732,431,880,584
209: 456,381,846,932,101,1043
210: 565,384,836,229,171,774
211: 764,646,1013,241,923,286
212: 372,818,926,510,320,918,704
213: 462,454,984,837,393,912,609
214: 174,1046,554,25,1004,759,945
215: 300,677,539,693,574,783,1059
216: 907,154,703,371,280,908,92
217: 814,607,608,45,1030,899,828,75,771
218: 91,85,622,385,581,244
219: 969,718,339,374
220: 25,532,712,759,647,165,627
221: 502,188
222: 74,943,834,345,482,833
223: 283,697,452
224: 158,357,21,603,515,620,673
225: 389,939,966,140,550,415
226: 794,774,825,565,887,679
227: 618,189,94,728,668,639,786
228: 65,271,809,67,201,817,975
229: 384,444,210,171,631,1015,429
230: 706,476,375,9,732,431
231: 22,753,635,549,147,263,1039,1051
232: 501,60,769,873,418,449
233: 865,638,138,637,514,1016
234: 24,746,111,494,489,652
235: 789,519,317,885,796,741,660
236: 678,47,279,952,748,524,901,1047,806,863
237: 504,845,488,434
238: 743,396,753,1049,421,633,124
239: 921,415,756,449,613,1011
240: 346,204,125,377,88,853,322
241: 718,923,211,646,883,969,949
242: 146,769,626,164,995,873
243: 477,441,294,446,989,82
244: 413,581,1000,85,218,986
245: 768,467,471,303,137,688
246: 101,498,189,728,105,381,932
247: 428,668,527,699,1041,639,618
248: 416,408,335,13,163,847,942
249: 553,822,1009,701,185,177,709
250: 559,301,671,54,938,896,486
251: 423,992,292,390
252: 695,611,439,114,318,113
253: 493,796,669,741,397,496,359
254: 965,681,168,47,748,42,414
255: 1012,1020,698
256: 939,987,363,550,287
257: 700,1002,997,940,732,904,602
258: 79,808,487,268,41
259: 502,729,33,188,55,361
260: 145,642,66,11,591
261: 15,579,206,854,175,147,341,1051
262: 428,420,96,660,721,831
263: 549,1039,906,635,231,654,922,459
264: 827,68,977,846,330,311
265: 641,205,989,37,82
266: 780,383,424,184,410,607
267: 533,184,708,410,636,404
268: 345,724,41,258,884,958
269: 509,555,491,710
270: 582,64,313,1048,293,758,808
271: 43,65,417,228,762,809,80
272: 23,878,134,687,857,370
273: 880,12,144,584,556,823,947
274: 1058,762,109,20,164,995,43
275: 964,924,1011,800,60,886,756,998
276: 536,363,81
277: 344,569,950,400,121,343,385
278: 612,865,734,474
279: 236,952,748,42,586,863,133,662
280: 845,287,371,987,216,908
281: 464,885,669,789,877,937,610
282: 178,18,805,702,528,310,308
283: 223,452,982
284: 790,167,930,990,904,955,940
285: 1061,681,168,12,801,391,658
286: 640,923,795,211,1013,305,180
287: 504,845,280,363,127,256,987
288: 29,403
289: 451,26,193,72,864,443
290: 36,369,917,599,99,541,747
291: 50,123,739,1024,442,402
292: 100,390,251
293: 487,322,107,1048,270,808
294: 541,446,989,747,243,205
295: 509,682,364,340,710,723
296: 163,671,648,812,335,169,663
297: 190,186,102,53,353,914
298: 881,980,46,84,829,1029
299: 334,342,387,935,971,126
300: 677,539,215,95,871,972
301: 984,250,837,559,89,486
302: 563,652,427,1009,701,655,664
303: 768,471,245,540,137,675,731,1007
304: 931,183,797,1026,478,315,628
305: 621,180,795,577,640,286,314
306: 391,103,551,714,658,388,625
307: 443,675,548,133,731,1007,545
308: 310,665,429,450,805,399,282
309: 625,479,523,512,1032,851,117
310: 852,665,308,86,282,18
311: 835,330,936,106,101,1043,846,827,264
312: 506,594,323,848,651,382,156
313: 766,107,490,1048,270,64
314: 933,543,621,305,577,530
315: 795,478,1003,304,1013,628
316: 1012,778,170
317: 72,789,519,235,420,660,508
318: 61,466,448,114,252,422,113
319: 403,649,1034,841,751,626
320: 776,128,510,212,918
321: 436,979,992,390,334,935
322: 293,853,487,107,1048,204,240
323: 506,312,968,594,848,547,115
324: 455,713,406,126,69,513,761
325: 941,521,663,896,472,486
326: 110,33,458,387,913,352,485
327: 929,475,329,870,719,650,544
328: 360,879,1015,826,471,540,836,171
329: 929,352,485,327,870,713
330: 936,686,311,804,264,977,570
331: 7,696,453
332: 738,205,36,541,600,573
333: 561,473,349
334: 299,935,971,321,436,405,390
335: 416,248,624,812,163,296
336: 367,787,860,1055,766,64
337: 509,934,682,567,645,141
338: 88,858,740,981,13,604
339: 530,718,577,219,374
340: 364,547,820,115,295,682
341: 468,549,147,1039,15,261,426
342: 299,387,935,100,1028,895,458
343: 716,394,400,277,85,385
344: 277,572,569,950,511,850
345: 268,724,41,482,833,222,66
346: 240,125,377,484,943,834,433
347: 659,685,557,39
348: 657,802,529,197,839,892,40
349: 190,430,333,561,473,705
350: 921,788,1011,800,749,983
351: 949,900,10,926,704,588
352: 913,929,485,329,110,326
353: 53,914,606,552,186,297,683
354: 844,937,568,586,32,548,133
355: 53,914,762,20,656,80
356: 827,68,129,467,920,794,93
357: 224,158,1050,455,870,515,650
358: 1006,36,369,878,134,573
359: 763,87,721,831,253,493,741
360: 328,879,807,73,1015,507,631
361: 525,775,259,110,33,55
362: 867,1003,138,161,1016,180
363: 81,550,127,276,256,287
364: 340,115,295,723,674,181,195
365: 717,888,57,903,737,535
366: 368,666,875,928,558,612
367: 908,434,336,787,92,488,1055
368: 916,666,366
369: 112,1006,358,36,290,917,599
370: 372,818,687,272,23,28
371: 389,939,987,280,216,703
372: 818,212,926,370,28
373: 900,588,374
374: 373,219,339
375: 706,230,994,1038,437,465,447,9
376: 426,553,822,779,496,468
377: 346,240,853,943,482
378: 632,623,965,1061,681,658,388
379: 208,438,700,584,801,714
380: 200,644,911,534,62,461,1033
381: 209,98,456,932,105,26,193,246
382: 651,156,891,1014,312,594,1010
383: 525,780,775,266,424,526
384: 565,444,229,210,425,614
385: 91,85,218,277,569,343
386: 742,699,960,1041,661,719,157,96
387: 342,299,126,326,458,485
388: 625,523,306,658,623,378
389: 371,939,225,153,415,893,703
390: 292,100,251,992,321,334,935
391: 103,714,306,658,801,285,1061
392: 777,411,534,116,866,754
393: 74,834,433,837,559,213,609
394: 343,778,716,711,400,35
395: 470,683,737,6,744,587
396: 743,571,238,753,635,1052,421,633,745
397: 253,796,669,779,496,715
398: 599,19,432,99,454,576
399: 507,657,805,802,807,308,450
400: 711,194,121,277,950,343,394
401: 477,441,905,145,11,583
402: 407,442,1019,419,90,739,291
403: 16,319,1034,288,841
404: 567,1057,636,267,708,1022,843
405: 436,816,176,334,971,406
406: 324,126,405,176,69,971
407: 442,402,810,1019,419,1060,91,622
408: 435,416,248,725,981,13
409: 662,1040,1025,667,925,42,414,948,77
410: 184,267,708,266,814,607
411: 777,392,534,876,869,461
412: 202,903,31,634,999,744
413: 589,581,1053,244,150,986
414: 632,77,42,965,254,409
415: 153,239,921,966,613,389,225
416: 435,408,120,335,248,624
417: 43,815,65,271,501,733,954
418: 824,449,769,520,182,232
419: 407,402,569,90,811,850,91
420: 428,262,668,660,508,317
421: 706,476,633,571,238,396,1052,880,144
422: 174,1046,113,318,448,598
423: 251,992,871,979
424: 526,45,1036,266,383,607
425: 183,614,797,384,444,97
426: 376,822,898,15,468,341
427: 302,652,746,532,616,664
428: 262,247,420,668,96,699,1041,618
429: 460,665,308,450,444,229,631
430: 190,186,349,84,561,83
431: 880,144,584,230,476,732,208,1002
432: 19,722,398,951,996,576
433: 943,834,393,938,346,484,559
434: 367,237,488,1055
435: 416,408,120,483,1037,725
436: 871,321,972,979,405,816,334
437: 151,201,1038,585,465,817,375
438: 208,700,17,379,602,578,103,714
439: 252,14,695,174,113,566
440: 537,849,689,982
441: 477,401,243,583,82,495
442: 198,407,402,1019,637,50,291
443: 675,548,307,864,568,26,289
444: 384,229,460,429,425,97
445: 497,580,49
446: 294,747,838,630,477,243
447: 187,155,9,465,792,375
448: 318,61,735,422,1046,113,492,598
449: 418,824,613,60,232,756,239
450: 665,429,308,507,399,631
451: 193,289,508,72,94,728,105
452: 114,993,982,223,283,697,611
453: 16,649,331,696
454: 462,99,576,213,838,984,398
455: 324,713,513,357,1050,870
456: 129,209,98,688,381,846,932
457: 918,861
458: 895,110,33,326,342,387
459: 745,481,806,118,263,635,1052,922
460: 852,665,429,444,97,44
461: 772,58,1033,411,534,876,380
462: 99,454,213,838,912,630
463: 897,857,86,680,546
464: 715,654,173,281,669,610
465: 817,792,201,1038,437,375,447
466: 318,946,61,849,114,993,689,196
467: 768,245,129,688,827,356,93
468: 549,341,773,376,426,779
469: 136,912,905,830,609,74
470: 395,683,606,587,782,694
471: 768,826,245,303,540,328,879
472: 486,480,117,521,325,512
473: 333,349,29,705
474: 865,514,621,278,543
475: 929,327,719,544,119,960
476: 706,230,421,633,732,431,880,144
477: 401,441,243,136,905,630,446
478: 867,1003,315,304,931
479: 309,523,1032,197,619,40,564
480: 472,486,951,117,996,89
481: 823,745,947,1047,459,806,118,571,678
482: 345,41,377,853,943,222
483: 518,122,562,1037,162,435,120
484: 346,125,847,54,938,433
485: 352,329,387,713,126,326
486: 472,480,325,896,250,301,89
487: 293,853,322,258,808,41
488: 237,845,908,434,367
489: 563,652,798,111,234,927
490: 766,107,313,784,787,858,740
491: 0,710,269
492: 1044,24,746,448,735,616,598
493: 253,709,553,496,763,359
494: 200,644,111,538,234,1044,24
495: 707,82,441,583
496: 376,553,779,253,493,397
497: 445,580,516,890,803
498: 891,101,246,189,728,856,156
499: 957,894,605,500,720,793
500: 605,203,786,189,499,894,856
501: 733,60,954,232,886,873,417
502: 259,752,729,221,188
503: 68,963,920,825,517,596
504: 237,845,287,127
505: 1045,1054,71
506: 653,312,968,594,819,323
507: 657,399,529,360,807,631,450
508: 420,668,72,519,317,94,451
509: 269,934,295,682,337,555,710
510: 128,320,34,152,818,212
511: 344,572,950,629,686,804
512: 625,309,551,521,472,117
513: 158,761,961,1050,1056,69,455,324
514: 1016,621,180,233,865,474
515: 661,650,157,224,357,620,673
516: 497,580,890,959,636,645
517: 90,739,811,570,503,963,596,767
518: 483,122,562,983,1037,153,893,788
519: 72,789,317,235,864,32,508,877
520: 7,696,182,146,769,418
521: 941,663,325,670,551,512,472
522: 667,925,1007,545,540,872
523: 388,625,479,309,1032,197,623,40
524: 236,952,901,806,844,974,863
525: 780,775,361,383,55,601
526: 424,544,1036,913,775,383
527: 742,699,828,247,639,771
528: 619,702,40,805,802,282
529: 507,657,348,1040,1025,597,892,948,807,73
530: 339,577,933,314
531: 772,58,684,677,95,63
532: 616,220,712,427,664,165
533: 184,615,267,691,959,636
534: 392,411,754,62,461,380
535: 813,587,902,737,888,365
536: 78,81,276
537: 440,849,866,754,104
538: 200,644,494,868,946,1044,24
539: 300,215,1059,871
540: 471,303,731,1007,522,872,328,879
541: 294,747,36,290,332,205
542: 169,941,670,17,149,648,578
543: 933,314,474,621
544: 526,976,1036,913,929,475,327,119
545: 548,307,133,731,1007,662,522,925
546: 108,44,852,86,179,463,897
547: 820,340,115,1027,781,848,323
548: 443,675,307,133,545,354,568,586
549: 468,147,341,263,773,1039,906,231
550: 363,140,81,939,256,225
551: 103,306,521,670,625,512
552: 52,83,186,683,6,353
553: 376,249,822,496,177,709,493
554: 566,202,57,174,214,945
555: 803,890,269,509,934
556: 12,273,823,1047,678,47,168
557: 14,695,611,347,659,697,39
558: 928,592,734,638,366,612
559: 250,837,301,938,433,393
560: 142,206,1008,953,131,617
561: 333,991,160,84,349,430
562: 483,518,983,162,672
563: 302,489,652,798,842,1009,701,1017
564: 619,76,479,1032,851,722
565: 384,210,774,226,679,1042,614
566: 202,554,14,439,634,174
567: 1057,636,645,404,141,970,337
568: 354,937,586,864,32,443,548
569: 277,344,572,850,91,385,419
570: 811,517,330,804,68,963,977,572
571: 396,1052,421,745,947,481,144
572: 344,569,511,804,811,850,570
573: 600,878,134,358,36,332
574: 869,783,215,693
575: 655,664,165,185,898,175,15
576: 454,996,984,89,398,432
577: 718,640,305,314,530,339
578: 103,714,438,17,542,670
579: 15,142,206,627,261,175
580: 445,497,516,959,691,49
581: 413,589,244,622,218,143
582: 270,64,758
583: 11,401,441,495
584: 431,880,12,273,801,208,379
585: 151,201,1038,135,859,437,192,67
586: 354,844,937,568,863,279,952,548,133,662
587: 813,535,782,470,395,737
588: 861,704,373,900,351
589: 413,581,1053,875,143
590: 690,56,927,111,760,736
591: 11,260
592: 1018,967,928,558,198,1060,638
593: 924,800,749,207,187,167
594: 506,312,819,323,382,130,1010
595: 10,883,28,1031,882,48,646
596: 887,767,503,963,825,739,517
597: 632,839,892,948,77,529
598: 616,712,1004,448,422,1046,492
599: 19,398,99,369,290,917
600: 152,23,878,573,738,332
601: 59,55,1045,525,780,71,615
602: 149,821,904,955,438,700,17,257
603: 21,177,874,1017,1001,224,166,158,620
604: 784,907,725,154,858,338,981
605: 500,203,720,75,499,894
606: 353,914,470,683,656,694
607: 814,217,608,266,424,45,410
608: 814,607,217,70,720,75
609: 469,912,837,74,393,213
610: 844,974,877,937,173,281,464
611: 252,557,695,697,114,452
612: 278,558,734,916,366
613: 966,824,449,756,239,415
614: 1042,730,425,183,565,384,679
615: 533,184,601,780,691,71
616: 532,598,712,1004,492,746,427
617: 131,27,919,560,206,854,22
618: 94,227,428,247,668,639,786
619: 1021,702,76,40,528,564,479
620: 763,673,87,224,21,603,515
621: 514,305,180,474,543,314
622: 91,218,407,810,581,143
623: 197,632,839,378,388,523
624: 416,120,335,962,648,726,812
625: 388,309,523,512,551,306,658
626: 146,242,164,751,319,649,1058
627: 142,579,220,759,647,165,175
628: 764,1013,840,304,978,1026,315
629: 950,511,819,130,686,121
630: 136,912,462,838,446,477
631: 229,171,360,1015,507,429,450
632: 839,623,414,597,378,77,965
633: 706,994,421,476,124,151,238,396
634: 791,31,14,412,566,202
635: 396,753,231,1052,263,922,745,459
636: 567,645,404,533,267,516,959
637: 138,50,198,442,233,638
638: 233,865,734,198,637,558,592
639: 203,771,786,527,247,618,227
640: 718,577,923,286,305
641: 738,265,205,37,755,1005,34
642: 260,66,724,676
643: 791,38,31,46,829,1029,985
644: 200,911,380,494,538,868,62
645: 567,636,516,890,934,337
646: 211,48,764,883,595,241
647: 717,759,770,220,142,627
648: 149,962,821,812,17,624,169,941,542,296
649: 16,319,1034,453,146,626,696
650: 661,719,515,357,327,870
651: 848,957,382,894,856,156,312
652: 302,563,489,798,427,234,746
653: 506,968,819,195,194,121
654: 715,922,173,464,263,773,906
655: 575,664,185,302,1009,701
656: 80,694,8,355,914,606
657: 507,802,399,348,529,892,807
658: 391,103,306,285,1061,378,388,625
659: 347,697,557
660: 262,420,721,741,317,235
661: 719,515,650,157,673,386,960
662: 409,925,586,279,42,133,545
663: 169,941,521,325,671,296,896
664: 655,575,165,532,302,427
665: 460,852,310,429,308,450
666: 368,366,1053,875
667: 1040,1025,522,409,925,872,73
668: 428,247,420,508,618,94,227
669: 885,253,796,397,715,281,464
670: 941,542,521,578,103,551
671: 163,54,938,296,896,663,250
672: 162,167,930,749,562,983
673: 620,87,831,224,661,515,157
674: 698,191,723,181,364,0
675: 443,548,307,731,1007,26,303,137
676: 724,958,642
677: 300,215,693,95,531,772
678: 236,47,748,823,1047,481,806,556
679: 887,1035,862,199,226,565,1042,730,614
680: 86,855,18,1006,463,857,134
681: 965,285,1061,168,254,47,378
682: 509,295,337,141,820,340
683: 470,395,6,552,353,914,606
684: 531,58,132,63,727,736
685: 889,347,38,39
686: 130,330,936,804,511,629
687: 897,857,272,28,882,370
688: 129,98,456,467,245,137
689: 993,982,440,849,466
690: 56,590,727,736,69,761,1056
691: 49,71,533,615,580,959
692: 915,207,817,975,792
693: 677,215,574,869,876,772
694: 656,799,8,470,606,782
695: 252,14,557,611,439
696: 331,520,7,649,453,146
697: 659,223,452,557,611
698: 191,674,765,0,255,1020
699: 742,527,386,828,1041,428,247
700: 208,438,1002,17,379,257,732,602
701: 302,563,842,1009,655,177,874,1017,249
702: 1021,619,76,528,805,282,178
703: 907,216,154,893,371,389,122
704: 918,861,588,212,926,351
705: 757,29,102,473,190,349
706: 230,994,421,476,633,375,1038
707: 37,82,495
708: 184,267,410,1022,814,404
709: 21,177,553,249,763,493
710: 491,0,269,509,295,723
711: 400,194,191,181,35,394
712: 25,532,616,220,598,1004,759,165
713: 455,324,126,485,329,870
714: 578,391,103,306,801,438,379
715: 654,464,779,773,906,669,397
716: 1000,343,778,394,85,170
717: 759,888,365,647,770,945,57
718: 241,577,640,923,969,219,339
719: 661,650,475,327,386,119,960
720: 605,75,70,608,793,499
721: 359,87,831,741,262,96,660
722: 19,432,851,951,76,564
723: 674,295,364,0,710
724: 268,345,958,642,66,676
725: 154,604,122,1037,435,408,981
726: 962,821,162,790,120,624
727: 176,63,736,69,684,690
728: 189,94,227,105,451,498,246
729: 259,502,752,1028,895,33
730: 1042,931,183,614,679,1035,199,832
731: 675,307,1007,545,303,540,137
732: 9,997,230,476,431,208,700,1002,257
733: 501,995,873,43,417
734: 865,638,558,278,612
735: 946,61,448,492,1044
736: 727,132,684,760,690,590
737: 395,744,903,365,587,535
738: 641,332,205,600,152,34
739: 90,517,596,1024,767,402,291
740: 88,858,338,107,490,204
741: 253,796,359,721,660,235
742: 527,386,699,119,828,960,1041
743: 238,22,396,753,27,1049,919
744: 395,737,6,999,412,903
745: 823,947,481,459,571,396,635,1052
746: 234,492,24,616,652,427
747: 541,294,446,99,838,290
748: 678,236,47,279,952,42,254
749: 593,800,350,167,672,983
750: 813,988,782,172,799,148
751: 757,841,319,1058,109,626,164
752: 502,729,100,1028
753: 743,238,22,396,635,231,1052
754: 104,62,866,537,392,534
755: 37,641,1005
756: 60,449,613,275,1011,239
757: 29,705,841,751,102,109
758: 79,808,582,270
759: 717,647,770,945,214,25,220,712,627
760: 200,911,111,132,736,927,590
761: 513,961,1056,69,690,56,324
762: 274,20,355,80,43,271
763: 620,359,87,21,709,493
764: 211,48,646,1013,628,840
765: 0,698
766: 490,313,336,787,64
767: 887,596,1024,862,739,517
768: 826,467,471,245,303,785,93
769: 146,242,873,520,232,418
770: 717,759,888,647,1008,902,142
771: 639,203,75,527,899,828,217
772: 531,461,58,1033,876,677,693
773: 468,549,906,779,715,654
774: 794,785,226,565,836,210
775: 525,361,383,110,913,526
776: 128,320
777: 392,411,116,869
778: 716,394,316,35,170
779: 376,496,468,773,397,715
780: 525,266,383,601,184,615
781: 910,793,1027,848,957,547
782: 813,750,587,470,799,694
783: 1059,574,215
784: 907,604,787,92,858,490
785: 794,774,93,768,826,836
786: 639,500,203,618,189,227
787: 336,367,92,784,766,490
788: 153,921,893,350,518,983
789: 519,317,235,32,885,281,877
790: 162,284,930,955,821,726
791: 38,39,31,643,634,14
792: 915,692,207,465,817,447,187
793: 910,781,70,720,499,957
794: 920,774,785,93,226,825,356
795: 1003,315,1013,305,180,286
796: 885,253,669,741,397,235
797: 304,425,183,956,1026,97
798: 563,489,652,842,56,927,909,1023
799: 694,8,192,750,988,782
800: 593,275,924,1011,749,350
801: 12,584,379,285,391,714
802: 657,805,399,348,892,40,528
803: 555,497,890
804: 330,686,977,572,511,570
805: 802,399,702,528,308,282
806: 901,1047,481,459,118,173,678,236,524
807: 360,73,1040,507,657,399,529
808: 758,79,258,1048,270,293,487
809: 80,8,67,65,271,228,201
810: 407,1019,1060,622,967,143
811: 90,517,850,570,572,419
812: 962,648,335,624,296
813: 750,587,902,535,782,172,888
814: 1022,607,217,70,608,708,410
815: 65,417,954,998,915,975
816: 972,436,405,95,176,63
817: 692,465,975,792,228,201,437
818: 372,212,370,152,23,510
819: 653,506,594,130,121,629
820: 547,340,115,141,1027,159,682
821: 149,602,962,648,726,790,955,17
822: 376,426,553,249,185,898
823: 745,947,1047,481,12,144,273,556,678
824: 418,966,30,449,613,182,140
825: 920,794,226,503,887,596
826: 768,471,328,785,836
827: 68,264,356,129,846,467,311
828: 742,527,899,699,119,976,1030,217,771
829: 52,1029,985,83,298,84,643
830: 469,905,74,833,145,66
831: 673,359,87,721,157,262,96
832: 867,1035,199,730,931,161,123
833: 345,74,222,830,66
834: 74,943,222,433,393,346
835: 130,936,311,1010,106,1014
836: 210,171,826,328,1015,774,785
837: 984,559,301,393,213,609
838: 462,99,454,630,446,747
839: 197,632,623,597,892,348
840: 48,764,628,978,108,179,1031
841: 757,29,751,403,319
842: 563,798,701,909,1017,1001
843: 970,910,159,1022,70,1057,404
844: 354,974,937,610,586,863,524
845: 504,237,287,488,280,908
846: 129,209,456,1043,311,827,264
847: 163,54,248,125,942,484
848: 651,957,781,547,312,323
849: 440,537,689,196,104,466
850: 90,811,344,572,569,91,419
851: 951,117,309,1032,76,564,722
852: 460,310,665,86,546,44
853: 487,322,240,377,41,482
854: 206,261,617,919,147,1051,22
855: 680,178,18,112,1006,134
856: 651,894,156,500,189,891,498
857: 687,463,897,680,272,134
858: 740,338,981,784,604,490
859: 151,135,585,988,192,67,148
860: 1055,336,64
861: 457,918,704,588
862: 887,679,1024,1035,767,199,123
863: 844,586,236,279,952,524
864: 72,519,32,568,289,443
865: 233,734,474,638,514,278
866: 116,537,392,754
867: 478,362,1003,832,931,161
868: 196,104,62,946,644,538
869: 574,777,411,876,693
870: 329,327,455,713,357,650
871: 972,436,979,300,539,423
872: 879,73,1040,667,522,925,540
873: 242,769,995,501,733,232
874: 21,177,603,1017,1001,701
875: 1018,928,143,589,1053,666,366
876: 411,869,693,772,461
877: 937,610,885,281,789,519,32
878: 272,600,23,134,573,358
879: 872,360,328,73,471,540
880: 431,12,144,584,273,421,476,208
881: 298,980,46,51,889
882: 28,595,1031,179,687,897
883: 10,595,646,241,949
884: 958,268
885: 796,669,281,789,235,877
886: 501,60,954,998,964,275
887: 679,596,767,862,226,825
888: 717,365,770,1008,813,902,535
889: 51,685,881,46,38
890: 497,516,645,803,555,934
891: 106,101,1014,498,382,856,156
892: 839,597,948,657,802,348,529
893: 153,788,389,518,122,703
894: 499,651,957,856,156,605,500
895: 33,458,1028,342,729
896: 671,663,325,486,250
897: 179,687,463,857,546,882
898: 575,185,175,15,426,822
899: 828,45,1030,217,75,771
900: 969,373,949,351,588
901: 806,118,173,974,236,524
902: 813,535,172,953,888,770,1008
903: 412,202,57,737,744,365
904: 284,990,955,997,940,257,602
905: 136,469,830,145,477,401
906: 549,263,773,715,654,922
907: 784,216,154,604,703,92
908: 367,92,845,488,280,216
909: 56,1023,798,842,166,1001
910: 843,793,1027,159,781,70
911: 200,644,380,760,1033,132
912: 136,469,609,630,462,213
913: 929,352,110,326,775,526,544
914: 53,353,355,606,297,683,20,656
915: 692,207,975,792,815,998,964,924
916: 368,612
917: 112,369,290,599,19,139
918: 457,861,704,212,320
919: 131,27,617,854,743,22
920: 794,93,825,503,68,356
921: 153,239,415,788,350,1011
922: 654,173,263,906,635,459,118
923: 241,718,640,286,211
924: 593,964,275,800,915,207
925: 662,1025,667,522,409,133,545,872
926: 372,212,10,28,351,704
927: 56,590,1023,111,760,489,798
928: 875,1018,558,592,366
929: 913,352,475,329,327,544
930: 162,284,790,167,672,955
931: 304,730,183,478,867,832
932: 209,456,381,105,101,246,1043
933: 543,314,530
934: 509,337,890,645,555
935: 334,342,299,321,100,390
936: 130,835,330,686,311,1010,106
937: 354,844,877,568,610,586,281,32
938: 671,54,484,250,559,433
939: 371,389,256,225,987,550
940: 155,9,997,284,990,904,257
941: 169,542,521,663,325,670,648
942: 125,248,88,13,847
943: 834,222,433,346,377,482
944: 49,1054
945: 717,759,214,57,554,25
946: 61,466,735,196,868,538,1044
947: 823,745,481,571,144,273
948: 597,892,77,1040,1025,409,529
949: 969,900,351,10,883,241
950: 277,344,511,629,400,121
951: 851,480,117,996,722,432
952: 236,279,748,524,586,863
953: 902,172,1008,560,131
954: 501,60,886,998,815,417
955: 284,790,930,904,602,821
956: 978,1026,97,108,44,797
957: 848,499,651,894,793,781
958: 884,268,724,676
959: 580,516,691,533,636
960: 742,386,119,475,661,719
961: 166,513,158,761,1050,1056
962: 149,648,821,726,812,624
963: 503,68,977,517,570,596
964: 275,924,886,998,915
965: 1061,681,168,254,632,414,378,77
966: 824,613,140,415,225
967: 1018,592,143,198,810,1060
968: 653,506,323,115,195
969: 949,900,219,241,718
970: 843,159,567,1057,141
971: 334,299,405,176,406,126
972: 871,436,979,816,300,95
973: 7,182,78,30
974: 844,610,173,901,524
975: 915,692,817,815,65,228
976: 45,544,1030,1036,119,828
977: 68,264,963,330,804,570
978: 956,1026,108,628,840
979: 871,321,972,436,423,992
980: 160,881,298,84
981: 858,338,13,725,604,408
982: 993,452,689,283,440
983: 518,562,749,788,350,672
984: 837,301,89,454,576,213
985: 829,52,1029,999,31,643
986: 150,170,1000,413,244
987: 371,939,256,287,280
988: 750,172,799,192,148,859
989: 294,243,265,205,82
990: 284,167,904,187,155,940
991: 561,160
992: 251,423,321,979,390
993: 114,452,689,982,466
994: 706,633,375,124,151,1038
995: 242,164,873,274,1058,43,733
996: 480,951,89,432,576
997: 155,9,940,732,904,1002,257
998: 954,886,815,915,964,275
999: 52,985,31,412,6,744
1000: 716,85,170,986,244
1001: 603,874,1017,909,842,166
1002: 208,700,257,997,732,431
1003: 795,478,867,362,315,180
1004: 25,616,598,712,1046,214
1005: 128,34,641,755
1006: 112,358,369,680,855,134
1007: 675,307,731,545,522,303,540
1008: 888,770,902,953,560,142
1009: 302,563,701,655,185,249
1010: 130,835,936,382,106,1014,594
1011: 275,800,756,239,921,350
1012: 255,316,1020,35
1013: 211,764,628,795,315,286
1014: 106,891,382,156,835,1010
1015: 360,328,836,229,171,631
1016: 514,180,138,362,233
1017: 177,603,874,1001,563,842,701
1018: 875,967,928,592,143
1019: 198,407,442,402,810,1060
1020: 255,1012,35,698,191
1021: 619,702,76,139,178
1022: 814,70,708,404,843
1023: 56,927,909,798,166
1024: 1035,767,862,739,291,123
1025: 1040,667,409,925,948,77,529
1026: 978,956,97,304,797,628
1027: 910,159,781,547,820
1028: 100,342,752,729,895
1029: 829,985,298,46,38,643
1030: 45,976,899,119,828,217
1031: 595,882,179,48,840
1032: 479,309,523,851,117,564
1033: 772,461,58,132,911,380
1034: 16,403,319,649
1035: 679,1024,862,199,730,123,832
1036: 424,526,45,976,544
1037: 483,518,122,725,154,435,120
1038: 151,585,437,465,706,994,375
1039: 549,147,341,263,1051,22,231
1040: 1025,667,409,948,872,807,73,529
1041: 742,386,699,157,428,247,96
1042: 730,614,565,679,199
1043: 106,101,209,846,932,311
1044: 492,24,946,735,494,538
1045: 59,601,505,71
1046: 422,174,214,448,25,598,1004
1047: 823,481,806,556,678,236,47
1048: 107,313,270,293,322,808
1049: 27,151,135,743,238,124
1050: 513,158,357,961,455
1051: 147,1039,261,854,22,231
1052: 571,396,753,635,421,745,459
1053: 413,589,875,666
1054: 505,944
1055: 860,434,336,367
1056: 166,513,158,761,961,690,56
1057: 567,404,970,843
1058: 274,109,20,751,626,164,995
1059: 783,539,215
1060: 198,407,810,1019,967,592,143
1061: 965,285,681,168,391,658,378