0: 49,70,45,35
6: 53,52,83,31,8,57
7: 20,43,16,30
8: 67,57,53,6,80,65
9: 13,65,67,12,19,17
10: 18,44,28,48
11: 74,82,37
12: 47,73,67,27,9,19
13: 65,9,60,88,17,54
14: 39,25,58
15: 24,21,31,22,57
16: 29,84,20,7
17: 19,36,13,9,54,89
18: 10,44,77,86,40,28
19: 17,36,76,9,73,12
20: 7,80,43,16,53
21: 24,56,15,22,32,87
22: 27,57,21,15,32,47
23: 34,28,36,76,86
24: 21,56,15,25,69,61
25: 14,39,58,61,24
26: 72,45,32,42,90,93,77
27: 22,67,57,47,12
28: 34,23,10,18,86
29: 84,16,51
30: 7,43,78
31: 39,6,52,15,57
32: 72,26,21,22,42,47
33: 63,59
34: 28,23,37
35: 91,85,90,45,0
36: 19,17,82,76,89,23
37: 82,11,34
38: 39,46,52
39: 14,38,25,31,52
40: 42,73,76,18,77,86
41: 74,66,54,79
42: 40,47,73,32,26,77
43: 20,7,80,30,60
44: 10,18,77,91,68,50,48
45: 72,26,70,75,0,35,90
46: 51,38,52,83
47: 42,73,12,22,27,32
48: 10,44,50
49: 70,71,0
50: 91,85,44,48
51: 46,29,84,83
52: 6,83,46,39,38,31
53: 6,83,84,20,80,8
54: 74,41,89,13,88,17
55: 71,75,69,59,56,87
56: 24,21,69,55,87
57: 8,22,27,31,6,15
58: 62,14,25,61
59: 69,33,71,55
60: 81,78,88,43,13
61: 63,69,58,62,25,24
62: 58,63,61
63: 69,61,62,33
64: 92,79,78
65: 13,9,80,8,67
66: 74,41
67: 8,27,65,9,12
68: 91,93,44,77
69: 63,59,61,24,56,55
70: 49,71,75,45,0
71: 49,70,55,75,59
72: 45,32,26,87,75
73: 40,42,47,12,19,76
74: 66,11,54,41,89
75: 70,71,55,72,45,87
76: 19,36,40,73,86,23
77: 18,44,26,40,42,68,93
78: 81,92,60,30
79: 92,64,41
80: 20,43,53,8,65
81: 92,60,78,88
82: 36,11,89,37
83: 53,6,52,46,51,84
84: 29,16,51,53,83
85: 35,91,50
86: 18,40,76,28,23
87: 72,21,56,55,75
88: 81,60,13,54
89: 74,54,17,36,82
90: 35,93,45,26
91: 35,68,85,44,50
92: 81,79,78
93: 68,90,26,77