0: 24,32,26,35
6: 16,38,20,31,8
7: 13,9,30,20,8
8: 31,27,6,20,7,9
9: 13,7,8,27,19,17
10: 18,26,35
11: 37,41
12: 19,40,22,27,32
13: 7,9,30,41
14: 39
15: 39,21,31,22
16: 6,38,29,20
17: 23,36,41,9,19
18: 26,40,23,10,28
19: 12,27,9,17,23
20: 6,16,8,7
21: 25,15,22,24,32
22: 31,27,21,15,32,12
23: 17,36,18,19,28,34
24: 0,33,21,25
25: 39,21,33,24
26: 18,40,0,32,35,10
27: 31,22,8,9,19,12
28: 18,23,34
29: 16
30: 13,7
31: 22,8,27,6,15
32: 0,21,22,26,12,40
33: 25,24
34: 23,36,37,28
35: 0,26,10
36: 17,23,37,34
37: 11,36,34
38: 6,16
39: 25,15,14
40: 18,26,12,32
41: 11,17,13