0: 35,70,106,115
6: 53,52,83,8,31,57
7: 30,109,20,43
8: 53,6,80,57,27,67
9: 120,65,67,12,17,103
10: 108,28
11: 37,99,74
12: 27,9,67,73,47,103
13: 88,120,60,17,54
14: 39,38,114,104
15: 24,21,25,31,57,22
16: 29,109
17: 19,120,9,13,89,54
18: 97,44,86,40,28,108
19: 17,36,76,117,89
20: 43,80,109,102,53,7
21: 24,56,15,118,22,32
22: 57,27,21,15,32,47
23: 34,28,82,112,36,86
24: 21,56,15,61,113,25
25: 39,113,31,24,15
26: 72,98,32,105,42,77,93
27: 57,22,12,8,67,47
28: 34,23,18,86,10
29: 16,102,51,84
30: 78,7,43,81
31: 6,52,39,25,15,57
32: 72,26,21,22,42,47
33: 100,95,110,59
34: 28,23,82,37
35: 0,115,91,85
36: 19,89,23,82,112,99
37: 11,99,34,82
38: 46,14,39,52
39: 14,113,25,38,52,31
40: 97,18,86,73,42,77,76
41: 74,54,88,66,79
42: 73,47,77,32,26,40
43: 20,80,30,7,65,60
44: 97,18,68,50,48,108
45: 94,119,75,105,106,101
46: 51,84,38,52,83
47: 73,42,22,12,27,32
48: 108,44,50
49: 71,70
50: 91,68,44,48
51: 46,84,29
52: 6,83,31,38,46,39
53: 6,83,8,102,20,80
54: 74,41,89,88,13,17
55: 119,75,96,110,59,71
56: 24,21,118,96,69,87
57: 22,27,6,8,31,15
58: 116,61,104,63,62,111
59: 71,33,110,55
60: 120,65,43,81,88,13
61: 58,104,113,111,24
62: 58,63
63: 58,62,95,111
64: 107,78,92
65: 120,9,60,67,43,80
66: 79,74,41
67: 65,9,8,80,12,27
68: 91,93,90,97,44,50
69: 96,110,111,56
70: 0,106,49,71,75
71: 49,59,55,75,70
72: 32,26,87,105,118
73: 42,47,12,76,103,117,40
74: 41,89,54,66,11,99
75: 45,94,119,55,71,70,106
76: 19,117,73,86,40,112
77: 42,26,93,97,40
78: 30,81,92,64
79: 66,107,41
80: 20,43,53,8,65,67
81: 92,88,30,78,60
82: 34,23,36,37,99
83: 53,6,52,46,84
84: 46,51,29,102,83
85: 35,91
86: 18,40,76,28,23,112
87: 72,105,96,56,118,94
88: 81,92,13,60,41,54
89: 74,54,19,17,36,99
90: 91,68,93,121,98
91: 68,90,121,35,115,50,85
92: 81,88,78,64,107
93: 68,90,98,26,77,97
94: 45,119,75,96,87,105
95: 33,63,110
96: 69,110,56,94,119,55,87
97: 18,44,40,77,68,93
98: 26,105,101,93,90,121
99: 37,11,36,74,89,82
100: 33
101: 121,45,98,105,106,115
102: 29,109,84,53,20
103: 117,12,9,73
104: 58,116,61,14,113
105: 72,98,26,87,45,94,101
106: 0,70,115,45,75,101
107: 64,92,79
108: 48,10,18,44
109: 16,102,20,7
110: 96,69,33,95,59,55
111: 69,58,61,63
112: 23,36,76,86
113: 39,25,61,104,24
114: 116,14
115: 0,35,106,101,91,121
116: 58,114,104
117: 19,76,103,73
118: 21,56,72,87
119: 45,94,55,75,96
120: 65,9,60,13,17
121: 101,91,90,98,115