0: 45,26,49,35
6: 53,52,31,8,57
7: 20,43,30
8: 67,53,6,20
9: 13,65,27,67,12,19,17
10: 28,44,48,18
11: 54,66,17,36,37
12: 40,47,27,9,19
13: 9,65,60,17,54
14: 39,25
15: 24,21,25,39,31,22
16: 20,29,51
17: 19,36,13,9,54,11
18: 10,28,44,40,42,23
19: 17,23,36,9,40,12
20: 7,16,53,8,43
21: 24,15,22,45,32,56
22: 31,27,57,21,15,32,47
23: 19,36,40,28,18,34
24: 21,15,55,61,63,56
25: 15,58,14,39,61
26: 0,45,32,42,35,44
27: 22,57,67,9,12
28: 10,18,23,34
29: 46,51,16
30: 60,7
31: 22,57,39,6,15
32: 45,26,21,22,42,47
33: 61,62,63,59
34: 37,23,36,28
35: 50,0,26
36: 19,17,23,11,34,37
37: 34,36,11
38: 52,46,39
39: 14,38,25,15,31
40: 42,47,12,19,23,18
41: 64,54,66
42: 40,47,32,26,44,18
43: 65,20,7
44: 10,18,26,42,50
45: 0,32,26,56,21
46: 29,38,51,52
47: 40,42,12,22,32
48: 10,50
49: 59,55,0,56
50: 35,44,48
51: 53,52,29,46,16
52: 53,6,38,51,46
53: 6,51,52,20,8
54: 66,11,13,60,41,17
55: 63,24,49,59,56
56: 45,55,24,21,49
57: 31,22,27,67,6
58: 61,62,25
59: 49,33,55,63
60: 30,64,13,54
61: 33,62,63,58,24,25
62: 33,61,58
63: 33,55,61,24,59
64: 60,41
65: 13,43,9,67
66: 54,11,41
67: 8,27,57,9,65