0: 295,191,255
6: 53,52,57,83,8,192
7: 30,331,232,242,182
8: 274,80,53,6,192,228,67
9: 155,230,149,257,208,103,17
10: 179,28,48,320,212,241
11: 145,260,82
12: 285,208,306,273,144,254,168
13: 122,88,204,120,248,163,125
14: 223,114,39,252,318
15: 147,249,175,261,185
16: 288,319
17: 250,296,335,9,149,103
18: 272,86,134,282,97,179,108
19: 89,290,301,325,139
20: 274,80,102,109,297,43,164
21: 158,87,253,185,177
22: 238,231,27,261,131,147,263
23: 205,332,272,134,152
24: 113,61,200,302,234,25
25: 302,165,113,24,214,220
26: 98,137,133,32,289,193
27: 22,238,148,131,135,124
28: 10,179,272,128,320,152
29: 102,109,333,288
30: 78,7,182,140,81
31: 202,174,38,39,46,52
32: 133,281,279,289,72,26
33: 221,326,110,259,55
34: 128,152,205,37,265
35: 316,181,191,195,255
36: 112,89,290,99,294,332,243
37: 82,265,34
38: 39,51,46,31
39: 38,14,252,174,31
40: 197,178,308,76,171,73,310
41: 258,79,268,322,240
42: 77,73,133,254,47,307
43: 232,164,242,274,20,271,60
44: 229,93,97,171,328,310,86
45: 217,119,247,266,203,75
46: 51,84,83,38,31,52
47: 254,236,168,133,279,42
48: 10,179,108,211,315,241
49: 71,267,269,141,70
50: 123,161,198,91,291
51: 84,46,38
52: 6,57,46,83,202,31
53: 6,186,83,297,80,8
54: 163,74,301,250,213
55: 184,259,33,110,266,327
56: 132,111,166,324,69,158
57: 52,6,202,142,172,192
58: 132,111,62,196,200,63
59: 184,259,188,71,267
60: 239,275,271,43,232,65
61: 104,113,24,196,116,200
62: 196,63,58
63: 215,176,62,132,58
64: 270,313,293
65: 201,228,207,271,60,275
66: 260,222,268
67: 201,228,135,8,192,148
68: 210,264,90,226,129,291
69: 324,126,329,299,132,56
70: 49,267,141,217,159,75
71: 49,267,59
72: 94,262,105,235,32,281,289
73: 171,77,42,310,254,197,40
74: 163,240,125,54,136,213,222
75: 159,203,323,156,217,45,70
76: 197,178,139,40,117,309
77: 171,328,73,42,307,303,93
78: 30,276,81
79: 258,41,322,293,270
80: 274,20,8,297,53
81: 140,256,78,30,276,280
82: 37,265,243,145,11
83: 84,46,186,53,52,6
84: 51,46,186,298,83,190
85: 277,244,218,121,170,181
86: 18,282,310,308,44,97
87: 158,253,21,224,96,262,317
88: 154,122,13,204,107,92
89: 36,19,290,301,99,213
90: 264,68,121,130,277,91,291
91: 50,198,291,90,277,218
92: 336,107,313,287,216,154,88
93: 44,229,245,303,77,328,210
94: 227,262,105,317,72,247
95: 215,300,334,176,321
96: 119,247,157,224,87,317
97: 44,229,199,18,86,304,108
98: 137,245,26,209,193,311
99: 136,213,145,36,89,243
100: 221,326,292,334
101: 130,194,330,312,209,106
102: 29,190,109,333,297,186,20
103: 208,169,306,9,17,296
104: 61,318,114,116
105: 227,94,72,289,193,189,246
106: 115,195,323,312,194,101
107: 92,293,88,204,322
108: 179,48,97,18,304,315
109: 102,29,288,319,20,164
110: 157,126,329,326,33,55,327
111: 132,56,58,200,234,166
112: 36,290,178,139,134,332
113: 252,61,24,174,214,25
114: 223,14,283,116,104,318
115: 106,191,195,159,323,295
116: 196,283,114,104,61
117: 76,139,309,169,296,325
118: 281,279,263,173,231,236
119: 247,45,266,327,96,157
120: 162,149,284,122,13,248,335
121: 130,194,90,181,277,85
122: 154,13,88,225,120,162
123: 50,161,291,226,199,183
124: 151,230,144,135,238,27
125: 163,240,74,13,204,322
126: 69,110,329,299,326
127: 237,280,276
128: 34,320,152,28
129: 210,264,68,311,245
130: 121,194,330,101,264,90
131: 172,148,206,261,22,27
132: 56,58,111,176,299,63,69
133: 32,279,47,307,137,26,42
134: 18,272,282,112,23,332
135: 201,67,148,27,151,124
136: 99,213,145,74,260,222
137: 307,98,245,303,26,133
138: 233,161,198,180,278
139: 178,76,117,325,112,19,290
140: 256,81,225,153,30,182
141: 49,269,70,159,295
142: 220,206,202,214,57,172
143: 150,244,218,198,233
144: 124,230,238,273,12,208
145: 99,136,260,82,11
146: 319,164,242,331
147: 249,15,263,173,261,22
148: 172,192,131,67,135,27
149: 120,284,257,9,17,248,335
150: 143,244
151: 124,155,230,201,135,207
152: 34,128,272,23,205,28
153: 140,225,167,182,239,162
154: 122,88,256,225,216,92
155: 151,9,230,207,187,257
156: 203,323,75,312,189,246
157: 110,224,329,119,327,96
158: 87,21,56,177,166,324,224
159: 323,75,141,70,295,115
160: 298,190,333
161: 123,50,198,183,286,138,180
162: 120,284,167,225,153,122
163: 74,125,54,13,250,248
164: 43,242,109,319,146,20
165: 177,302,25,220,175,185
166: 177,302,234,56,111,158
167: 239,275,153,187,162,284
168: 254,236,47,273,12,285
169: 309,103,306,296,325,117
170: 316,181,85,244
171: 77,328,73,310,40,44
172: 192,148,131,57,142,206
173: 147,249,235,263,118,281
174: 202,214,31,39,252,113
175: 220,206,261,165,185,15
176: 95,215,299,63,132
177: 302,165,166,158,21,185
178: 308,76,139,40,112,282
179: 10,28,48,108,18,272
180: 278,305,161,286,138
181: 35,170,195,121,194,85
182: 239,232,30,7,140,153
183: 304,315,286,199,123,161
184: 59,259,55,217,266,267
185: 253,21,177,165,175,249,15
186: 84,83,102,190,297,53
187: 284,257,207,167,275,155
188: 221,59,259
189: 312,246,227,105,203,156
190: 102,333,160,84,186,298
191: 115,195,295,0,255,35
192: 172,148,6,57,8,67
193: 209,246,105,289,98,26
194: 121,130,101,106,195,181
195: 106,191,115,194,35,181
196: 62,116,200,61,58
197: 76,40,254,285,309,73
198: 50,161,91,218,143,233,138
199: 229,97,226,123,304,183
200: 196,61,24,58,111,234
201: 65,228,67,135,207,151
202: 174,214,31,52,57,142
203: 75,156,247,45,227,189
204: 13,88,107,125,322
205: 294,23,332,265,34,152
206: 142,220,175,261,172,131
207: 65,201,275,151,155,187
208: 12,103,306,9,230,144
209: 312,193,246,98,330,101,311
210: 68,226,129,245,229,93
211: 315,286,48,305,241,219
212: 241,10,320
213: 99,136,74,54,89
214: 202,174,113,25,142,220
215: 95,300,176,63
216: 280,287,256,154,92
217: 45,266,184,267,70,75
218: 277,85,244,198,91,143
219: 241,211,314,305
220: 142,206,175,214,165,25
221: 100,326,33,188,259
222: 66,260,240,74,268,136
223: 14,114
224: 324,157,329,158,87,96
225: 140,256,153,162,154,122
226: 210,68,229,199,123,291
227: 94,105,247,203,189
228: 65,201,67,274,8,271
229: 44,93,199,97,210,226
230: 151,9,124,155,144,208
231: 22,238,273,263,118,236
232: 43,242,7,60,182,239
233: 138,198,143
234: 302,166,200,24,111
235: 249,173,253,262,72,281
236: 47,168,231,273,118,279
237: 127,287
238: 22,231,27,273,124,144
239: 167,60,182,275,232,153
240: 74,125,268,41,222
241: 212,219,211,10,48
242: 43,232,164,146,7,331
243: 82,265,36,99,294
244: 85,218,170,150,143
245: 98,137,303,210,129,311,93
246: 312,209,193,189,105,156
247: 119,45,96,227,94,317,203
248: 250,335,120,149,13,163
249: 147,235,15,173,253,185
250: 17,301,296,248,335,163,54
251: 321,300
252: 113,318,14,39,174
253: 87,21,185,249,235,262
254: 47,168,12,285,73,42,197
255: 0,191,35
256: 140,81,225,280,216,154
257: 187,149,284,9,155
258: 79,268,41
259: 59,184,55,221,33,188
260: 66,222,136,145,11
261: 206,175,131,147,15,22
262: 94,317,72,87,253,235
263: 147,173,22,231,118
264: 90,68,129,311,130,330
265: 37,82,243,294,205,34
266: 217,119,45,327,184,55
267: 49,71,70,59,184,217
268: 258,41,240,66,222
269: 49,141
270: 64,293,79
271: 274,43,65,228,60
272: 18,134,23,179,28,152
273: 238,231,144,236,168,12
274: 20,80,8,271,43,228
275: 167,60,239,65,207,187
276: 78,81,127,280
277: 85,218,121,90,91
278: 180,314,305,138
279: 118,133,32,281,236,47
280: 127,216,276,256,81
281: 118,32,279,235,173,72
282: 18,86,134,178,308
283: 114,116
284: 187,120,162,149,257,167
285: 12,309,306,254,168,197
286: 211,183,315,161,180,305
287: 237,216,336,92
288: 16,319,29,109
289: 32,105,72,193,26
290: 36,112,19,89,139
291: 123,50,91,90,68,226
292: 321,334,100
293: 107,313,270,64,79,322
294: 205,332,36,265,243
295: 0,141,159,191,115
296: 17,301,250,325,169,103,117
297: 102,186,53,20,80
298: 84,160,190
299: 176,132,326,69,126
300: 95,215,251,321
301: 250,296,325,54,19,89
302: 177,234,165,166,25,24
303: 307,137,245,77,328,93
304: 183,315,199,97,108
305: 180,278,314,211,286,219
306: 12,285,208,309,169,103
307: 137,303,133,77,42
308: 178,40,310,86,282
309: 285,169,306,197,76,117
310: 171,328,73,308,40,44,86
311: 264,129,209,98,245,330
312: 209,189,246,323,156,106,101
313: 336,92,293,64
314: 278,305,219
315: 304,211,183,286,48,108
316: 35,170
317: 94,262,87,247,96
318: 252,104,14,114
319: 16,288,146,109,164
320: 128,10,28,212
321: 251,292,95,300,334
322: 79,41,204,107,293,125
323: 159,75,156,312,106,115
324: 69,224,329,56,158
325: 301,296,169,139,117,19
326: 100,221,33,299,110,126
327: 119,266,110,157,55
328: 171,77,310,303,44,93
329: 324,69,110,157,126,224
330: 130,101,209,264,311
331: 7,146,242
332: 294,23,205,36,112,134
333: 102,29,190,160
334: 95,292,321,100
335: 17,250,248,120,149
336: 313,92,287