0: 191,295
6: 395,412,470,83,353,53
7: 331,146,182,30,418
8: 53,80,228,470,192,67
9: 431,208,230,375,257,155
10: 211,241,351,179,48,28
11: 260,145,441
12: 285,391,379,273,431,144,168
13: 248,408,338,88,125,204
14: 223,347,252,452,39
15: 261,175,185,426,147,341
16: 319,288,403,453
17: 438,257,149,335,296,103
18: 86,282,134,112,463,272
19: 117,139,432,290,472,480,76
20: 102,297,355,164,109,274
21: 359,87,249,158,177,224
22: 131,27,261,147,231,238
23: 152,272,134,332,358,205
24: 234,448,422,427,61,200
25: 422,427,220,214,165
26: 443,98,137,289,32,193
27: 22,131,148,135,238,124
28: 272,370,179,351,10,372
29: 288,403,333,473,102
30: 182,140,7,78
31: 439,39,174,38,52,46,202
32: 354,133,281,72,289,443,26
33: 100,221,458,326,361,259
34: 37,265,205,152,128
35: 255,191,364,394,181,316
36: 369,332,358,290,398,294,99
37: 34,265,82
38: 347,51,39,31,46
39: 439,31,14,347,38,252
40: 197,178,399,76,348,479,308
41: 240,322,258,79,345,268
42: 254,47,409,307,414,77
43: 232,417,242,164,274,271
44: 86,444,460,97,108
45: 119,247,424,217,203,75
46: 52,84,83,38,51,31
47: 254,236,168,409,42,279
48: 108,179,304,97,315,211,10
49: 71,445,337,267
50: 233,138,161,198,407,123,442
51: 298,38,84,46
52: 46,83,31,202,412
53: 80,8,353,355,6,470
54: 163,346,125,250,393,433,301
55: 383,184,266,361,59,259
56: 132,111,69,158,166,324
57: 202,365,142,395,412,172
58: 196,200,63,461,132,111
59: 188,259,184,55,71
60: 232,417,449,275,350,239
61: 196,200,466,24,448
62: 116,392,380,196
63: 411,95,461,58,405,176,132
64: 270,336,313
65: 201,465,228,271,417,275,207
66: 222,345,469,268,260,145
67: 148,135,192,228,8,201
68: 210,129,226,264,291,90
69: 132,56,324,176,406,455
70: 410,159,404,217,323,75
71: 49,59,184,267
72: 32,281,235,451,289,317
73: 414,77,360,197,399,171
74: 136,213,393,433,377,222,469
75: 203,156,323,45,70,217
76: 178,40,309,479,117,139,19
77: 414,360,73,42,303,307
78: 276,81,30
79: 258,270,293,322,41
80: 274,53,228,271,8,355
81: 276,78,363,140,280,256
82: 243,441,37,265
83: 52,84,46,186,353,412,6
84: 46,186,83,298,51,430
85: 170,343,394,385,244,218
86: 18,282,310,44,460,108,463
87: 359,262,21,224,157,96
88: 107,154,92,13,338,204
89: 213,393,398,454,301,432,290
90: 402,291,264,68,91,419
91: 277,385,419,402,90,218,407
92: 88,107,154,367,336,313
93: 210,356,245,303,360,229,328,471
94: 451,420,227,105
95: 215,411,63,300,405,436
96: 428,386,157,87,262,420
97: 304,425,444,44,108,48
98: 137,245,26,381,193,456,467
99: 294,446,477,398,454,462,36
100: 221,292,33,458,342
101: 130,330,209,382,106,312
102: 20,190,297,349,473,403,29,109
103: 296,169,438,17,306,391,379
104: 116,440,466,114,196
105: 193,189,246,227,451,94,289
106: 194,115,195,312,130,101
107: 88,92,293,313,204,322
108: 179,463,48,86,44,304,97
109: 319,164,403,102,20
110: 326,126,329,361,327,383,352
111: 132,56,166,58,200,234
112: 369,134,358,178,139,18,282
113: 318,252,439,174,448,422,214
114: 318,452,283,104,440,466
115: 106,195,312,159,323,340
116: 104,440,62,196
117: 19,472,480,169,76,309,479
118: 459,481,263,173,236,279
119: 428,247,45,475,386,424
120: 435,408,416,167,162,284,149
121: 277,385,194,344,130,343,400
122: 389,162,371,435,338,154
123: 442,291,199,183,161,50
124: 238,421,27,135,151,476
125: 163,54,346,248,13,204
126: 110,387,326,329,299,406,455
127: 237,287,363
128: 152,370,34,320,372
129: 210,356,68,467,245,311,264,456
130: 344,330,101,106,194,121
131: 22,148,27,172,261,206
132: 56,111,69,63,58,176
133: 354,32,409,443,307
134: 358,112,18,282,463,272,23
135: 148,27,67,201,151,124
136: 213,74,462,469,477,145,401
137: 443,98,245,303,26,307
138: 233,161,50,180,474
139: 19,290,178,76,369,112
140: 182,30,81,415,225,256
141: 295,340,337,159,404,269
142: 220,365,57,172,206
143: 244,366,413,218,198,407
144: 431,230,476,421,273,12
145: 11,260,401,136,66,469
146: 331,453,7,242,319,418
147: 341,468,263,231,261,15,22
148: 131,27,135,67,172,192
149: 284,257,17,120,416,335
150: 244,413
151: 201,375,437,135,124,230,476
152: 128,272,370,23,34,205
153: 415,389,162,225,239,167,350
154: 88,92,371,122,367,216,338
155: 284,257,375,447,187,9
156: 203,323,75,189,246,382,312
157: 327,224,357,87,96,386
158: 56,166,324,177,224,21
159: 70,404,323,141,340,115
160: 333,349,473,298,430
161: 138,50,123,183,478,180,362
162: 389,153,122,167,284,435,120
163: 54,125,248,416,335,250
164: 242,319,109,20,274,43
165: 302,185,25,427,220,175
166: 56,111,158,234,177,302
167: 187,350,162,153,284,120
168: 254,236,47,273,12,285
169: 325,296,103,306,309,117,472
170: 316,85,394
171: 328,429,471,360,73,399,450
172: 395,192,142,57,206,131,148
173: 397,263,464,118,281,235,279
174: 439,31,113,202,214,365
175: 261,15,206,220,185,165
176: 405,299,334,406,63,132,69
177: 302,185,158,166,21,249
178: 76,40,479,139,308,282,112
179: 108,463,48,272,28,10
180: 286,362,305,138,161,474,314
181: 400,364,194,195,35
182: 30,418,140,7,449,415,239
183: 304,199,425,478,123,161
184: 266,55,59,71,410,267
185: 177,302,165,426,15,175,249
186: 84,83,353,430,190,297
187: 167,275,350,207,447,284,155
188: 59,259,221
189: 105,246,382,227,203,156
190: 102,297,430,349,186
191: 255,0,35,295,364
192: 395,172,470,8,148,67
193: 381,105,246,289,98,26
194: 106,195,130,400,181,121
195: 106,194,115,340,364,181
196: 61,58,200,116,104,466,62
197: 399,40,348,479,378,414,73
198: 233,50,407,143,366
199: 183,425,384,226,123,291
200: 61,196,58,24,234,111
201: 65,151,437,465,228,135,67
202: 365,57,31,174,52,412
203: 156,75,247,45,227,189
204: 240,322,13,88,107,346,125
205: 34,265,332,294,152,23
206: 261,175,220,142,172,131
207: 187,275,65,465,447
208: 431,9,438,257,379
209: 311,330,101,456,381,246,382
210: 356,129,68,226,93,245,229
211: 241,219,10,48,286,315
212: 320,372,457,351,373
213: 89,136,74,393,454,462
214: 220,365,113,174,25,422
215: 411,95,300,423
216: 367,280,256,371,154
217: 410,70,266,424,45,75
218: 143,244,91,385,85,407
219: 211,241,286,305,339,374
220: 214,365,142,25,165,206,175
221: 100,33,188,259
222: 66,377,345,469,74
223: 14,283,452
224: 157,357,158,324,87,21
225: 415,389,153,371,140,256
226: 210,68,229,291,199,384
227: 428,247,94,420,203,105,189
228: 80,271,8,67,65,201
229: 328,429,444,471,210,226,93,384
230: 431,9,144,476,151,375
231: 147,468,263,22,238,459
232: 43,60,417,449,242,418
233: 138,198,50,366,368,474
234: 24,427,200,111,166,302
235: 281,72,253,397,173,464,317
236: 47,168,279,396,118,273,481
237: 127,434,287
238: 396,421,124,459,22,27,231
239: 415,153,60,449,182,350
240: 204,322,41,346,377,345
241: 211,351,219,373,10,374
242: 319,164,146,43,232,418
243: 294,446,477,441,401,265,82
244: 150,143,413,218,85
245: 98,137,303,210,356,129,93,467
246: 381,105,193,189,382,156,209
247: 428,119,45,227,203
248: 13,408,416,163,125
249: 359,21,376,177,185,426
250: 335,325,296,163,54,301
251: 390,321
252: 318,113,452,14,439,39
253: 359,262,376,397,317,235
254: 47,168,42,285,378,414
255: 191,35
256: 216,280,140,81,225,371
257: 284,438,149,155,17,9,208
258: 79,41,268
259: 188,59,221,33,361,55
260: 11,145,66
261: 15,206,175,22,131,147
262: 359,87,253,96,317,420
263: 147,468,173,464,231,118,459
264: 344,311,330,129,68,419,90
265: 37,34,205,243,294,82
266: 383,184,55,424,410,217
267: 410,337,404,184,71,49
268: 41,258,66,345
269: 337,141
270: 64,293,79
271: 274,80,228,43,417,65
272: 152,370,28,23,18,134,179,463
273: 396,421,481,144,236,168,12
274: 80,271,20,355,164,43
275: 187,350,207,60,417,65
276: 78,81,363
277: 91,385,419,121,344,343
278: 474,314
279: 236,47,409,173,118,354,281
280: 367,216,256,81,363,287
281: 354,32,235,72,173,279
282: 18,308,86,310,178,134,112
283: 440,223,114,452
284: 257,149,155,167,187,162,120
285: 12,388,391,378,254,168
286: 180,362,305,315,211,219
287: 237,127,434,363,367,280
288: 403,29,16
289: 451,32,72,105,193,26
290: 139,19,432,480,89,398,36,369
291: 123,402,442,90,68,226,199
292: 100,390
293: 270,313,107,322,79
294: 243,99,446,36,332,265,205
295: 141,340,364,191,0
296: 335,325,250,169,103,17
297: 102,20,190,355,186,353
298: 51,430,160,84
299: 176,334,406,342,387,126
300: 423,215,95,321,436
301: 89,393,325,250,54,432
302: 177,185,165,234,427,166
303: 137,245,307,77,360,93,471
304: 183,97,425,478,108,48,315
305: 180,286,219,314,339
306: 388,391,379,169,103,309
307: 443,137,303,133,409,42,77
308: 282,310,450,178,399,40
309: 76,348,479,306,388,169,117,472
310: 308,86,282,450,460
311: 330,264,456,209,129,467
312: 106,115,156,323,382,101
313: 64,293,336,107,92
314: 180,305,278,474
315: 286,362,304,478,48,211
316: 170,35,394
317: 451,420,262,253,235,72
318: 113,114,252,452,466,448
319: 16,242,164,109,403,146,453
320: 212,372,457,128
321: 251,390,300,334,436
322: 240,204,41,107,293,79
323: 156,75,70,159,115,312
324: 56,69,158,406,455,224,357
325: 250,296,169,432,472,480,301
326: 110,387,126,361,33,458
327: 157,357,110,329,352,475,386
328: 171,229,429,471,360,93
329: 110,126,327,455,357
330: 344,130,311,101,264,209
331: 146,453,7
332: 36,358,294,23,205
333: 160,473,29
334: 405,299,176,436,390,321,342
335: 250,296,149,17,416,163
336: 64,313,367,434,92
337: 267,404,49,269,141
338: 435,13,408,122,88,154
339: 374,305,219
340: 295,141,364,159,115,195
341: 147,468,397,464,426,15,376
342: 390,299,334,100,458,387
343: 394,400,277,385,121,85
344: 130,330,264,277,419,121
345: 66,377,222,240,41,268
346: 54,125,240,204,433,377
347: 38,14,39
348: 197,40,309,479,388,378
349: 160,473,430,102,190
350: 167,187,275,60,153,239
351: 241,373,10,28,212,372
352: 383,424,110,327,475,386
353: 186,83,297,355,6,53
354: 133,32,281,409,279
355: 20,297,353,274,53,80
356: 210,129,93,467,245
357: 327,455,224,157,324,329
358: 36,369,134,332,112,23
359: 87,262,21,249,376,253
360: 77,73,303,93,171,328,471
361: 110,326,33,259,383,55
362: 180,286,315,478,161
363: 276,81,280,127,287
364: 295,340,195,191,35,181
365: 202,220,214,142,57,174
366: 143,413,233,198,368
367: 216,280,434,287,154,92,336
368: 366,233
369: 36,358,112,139,290,398
370: 152,128,272,28,372
371: 389,225,122,216,256,154
372: 320,212,128,370,28,351
373: 241,351,212,457,374
374: 339,241,219,373
375: 151,437,465,447,9,230,155
376: 359,249,253,426,341,397
377: 222,345,346,240,74,433
378: 285,388,254,414,197,348
379: 12,306,391,431,208,438,103
380: 411,461,392,62
381: 193,246,98,456,209
382: 189,246,156,312,101,209
383: 266,55,424,352,110,361
384: 199,425,226,229,444
385: 277,91,121,343,85,218
386: 428,119,96,475,327,157,352
387: 326,126,342,299,458
388: 285,306,391,378,348,309
389: 162,225,153,371,122
390: 251,321,342,334,292
391: 12,285,306,388,379,103
392: 62,380,411
393: 89,213,74,433,301,54
394: 343,400,35,170,316,85
395: 412,6,172,470,192,57
396: 238,421,273,459,481,236
397: 341,173,464,376,253,235
398: 89,454,290,36,369,99
399: 197,40,73,171,308,450
400: 343,394,181,194,121
401: 145,441,136,243,477
402: 442,291,90,91,419,407
403: 288,29,102,16,319,109
404: 410,337,267,70,159,141
405: 176,334,436,63,95
406: 299,176,69,324,126,455
407: 198,50,91,402,442,143,218
408: 248,435,13,338,120,416
409: 47,42,279,354,133,307
410: 267,70,404,217,184,266
411: 215,380,63,95,461,392
412: 395,6,52,83,202,57
413: 150,143,244,366
414: 77,73,254,42,378,197
415: 225,153,239,182,140
416: 248,408,120,149,335,163
417: 43,232,60,271,65,275
418: 182,242,146,7,232,449
419: 277,91,344,264,402,90
420: 451,94,317,262,428,96,227
421: 396,238,273,124,144,476
422: 25,24,448,427,113,214
423: 300,215
424: 383,266,352,119,45,475,217
425: 304,199,183,97,384,444
426: 185,15,249,376,341
427: 25,24,234,422,302,165
428: 119,247,96,386,227,420
429: 171,229,328,444,460,450
430: 298,160,349,84,186,190
431: 9,208,144,230,12,379
432: 19,290,480,325,89,301
433: 74,393,54,346,377
434: 237,287,367,336
435: 408,338,120,162,122
436: 405,334,300,95,321
437: 201,151,375,465,447
438: 257,17,208,379,103
439: 39,31,174,113,252
440: 283,116,104,114
441: 11,401,243,82
442: 123,402,291,50,407
443: 137,26,307,133,32
444: 229,429,460,44,97,425,384
445: 49
446: 243,294,99,477,462
447: 375,437,465,187,207,155
448: 24,422,466,318,113,61
449: 232,60,182,418,239
450: 308,310,399,171,429,460
451: 94,289,317,420,72,105
452: 318,114,252,223,14,283
453: 331,146,16,319
454: 89,213,398,462,99
455: 357,406,69,324,126,329
456: 311,209,381,98,129,467
457: 320,212,373
458: 100,33,342,387,326
459: 396,238,118,481,263,231
460: 429,444,86,310,450,44
461: 380,411,63,58
462: 136,213,454,99,446,477
463: 108,179,18,86,134,272
464: 341,468,397,263,173,235
465: 65,201,375,437,447,207
466: 104,318,114,61,196,448
467: 356,129,98,245,311,456
468: 147,341,263,464,231
469: 66,222,136,74,145
470: 395,6,192,53,8
471: 171,229,328,303,360,93
472: 117,19,480,325,169,309
473: 160,333,349,29,102
474: 278,233,138,180,314
475: 119,386,327,424,352
476: 144,230,151,421,124
477: 243,99,446,136,462,401
478: 304,183,161,362,315
479: 197,178,76,40,348,309,117
480: 117,19,432,290,472,325
481: 396,118,273,459,236