0: 141,115,35,181
6: 57,148,8,52,83,31,53
7: 30,60,164,146,43
8: 57,6,148,80,53,67
9: 151,149,155,144,124,103
10: 128,48,179
11: 136,66,145
12: 73,42,47,168,144,169
13: 122,120,163,88,125,54
14: 38,39,114,104
15: 147,175,142,172,131,22
16: 146,29,109
17: 19,103,149,163,54
18: 108,44,179,97,134,86,28
19: 103,17,117,89,54,139
20: 164,109,102,43,80,53
21: 147,175,173,177,158,87
22: 131,27,147,15,118,47
23: 112,134,36,82,152,34
24: 111,61,25,113,166,165,177
25: 174,113,142,24,165
26: 72,105,32,133,98,137
27: 131,135,168,124,22,47
28: 128,152,134,18,179
29: 109,102,160,16
30: 60,7,140,78,81
31: 174,142,52,57,6
32: 72,26,133,118,173,47
33: 100,126,110,59,55
34: 37,23,82,152
35: 85,170,181,0
36: 99,82,89,112,23,139
37: 34,145,82
38: 14,39,46,52
39: 38,14,104,174,113
40: 97,77,171,73,42,76,86
41: 79,74,125,136,66
42: 73,12,133,77,40
43: 65,80,164,20,60,7
44: 123,108,18,93,97,171,68
45: 94,119,75,105,101,156
46: 52,84,83,51,38
47: 12,118,168,27,22,32
48: 108,179,10,180
49: 70,141,71
50: 91,143,161,68,123
51: 46,84
52: 46,83,38,31,6
53: 80,83,102,20,6,8
54: 74,125,89,163,13,19,17
55: 71,59,75,33,110,119
56: 158,69,166,157,111
57: 6,148,8,172,31,142
58: 111,61,132,116,62,63
59: 71,55,33
60: 30,7,140,43,153
61: 58,111,24,104,116,113
62: 63,116,58
63: 62,95,58,132,176
64: 107,92,127
65: 43,80,67,151,167,153
66: 11,136,41
67: 65,80,148,8,135,124,151
68: 50,90,129,93,123,44
69: 56,157,111,132,176,126,110
70: 49,141,71,75,159,156
71: 59,55,75,49,70
72: 105,32,26,87,173,94
73: 42,12,117,169,40,76
74: 125,89,54,41,99,136
75: 71,55,45,119,70,156
76: 139,178,86,73,117,40
77: 97,40,171,133,42,137,93
78: 127,81,30
79: 41,107,88,125
80: 65,43,53,67,20,8
81: 127,78,30,140,154,92
82: 36,145,99,23,34,37
83: 46,52,84,102,6,53
84: 46,83,51,160,102
85: 35,170,181,91,150
86: 134,76,178,97,40,18
87: 158,21,173,94,96,72
88: 107,92,122,13,154,125,79
89: 74,54,19,139,36,99
90: 91,68,130,129,121
91: 50,143,90,85,121,150
92: 64,107,88,127,81,154
93: 129,137,77,171,68,44
94: 45,119,96,87,72,105
95: 63,100,176,126
96: 94,119,158,157,87
97: 77,40,171,86,44,18
98: 129,137,105,26,101,130
99: 36,145,82,74,89,136
100: 33,126,95
101: 130,106,156,45,105,98
102: 29,109,20,84,83,53
103: 19,17,117,169,9,149,144
104: 114,116,14,39,61,113
105: 72,26,45,94,101,98
106: 101,130,115,159,156
107: 64,92,88,79
108: 48,123,44,18,179
109: 29,164,102,20,16
110: 33,126,69,157,55,119
111: 58,61,24,132,69,166,56
112: 134,23,139,178,36
113: 25,174,104,39,61,24
114: 104,116,14
115: 106,159,141,0,181,121
116: 114,104,62,58,61
117: 19,103,169,73,76,139
118: 147,173,22,32,47
119: 45,94,96,110,157,55,75
120: 122,163,13,162,149
121: 181,130,115,91,90
122: 120,13,154,153,140,88
123: 108,44,50,161,68
124: 135,168,27,67,151,9,144
125: 74,54,13,88,41,79
126: 33,100,176,110,95,69
127: 78,81,64,92
128: 28,10,152
129: 98,137,93,130,68,90
130: 101,106,129,98,121,90
131: 135,27,22,148,172,15
132: 58,111,63,176,69
133: 32,26,42,137,77
134: 112,23,178,86,18,28,152
135: 131,27,124,148,172,67
136: 11,66,74,41,99
137: 129,98,93,26,133,77
138: 180,161
139: 112,76,178,19,117,89,36
140: 30,60,81,122,154
141: 49,70,115,159,0
142: 25,174,31,57,172,15
143: 50,91,161,150
144: 9,168,124,12,103,169
145: 99,82,11,37
146: 16,164,7
147: 21,175,15,118,173,22
148: 57,6,8,172,67,131,135
149: 162,9,155,120,163,103,17
150: 85,170,91,143
151: 9,167,155,65,67,124
152: 128,28,134,23,34
153: 122,65,60,162,167
154: 122,140,81,92,88
155: 151,162,9,167,149
156: 101,106,159,75,45,70
157: 158,69,56,110,119,96
158: 56,157,87,21,177,96
159: 115,106,156,70,141
160: 84,29
161: 50,143,123,138,180
162: 167,149,155,120,153
163: 120,13,149,17,54
164: 109,20,146,43,7
165: 175,177,24,25,166
166: 56,111,24,165,177
167: 151,162,155,65,153
168: 27,124,144,47,12,169
169: 103,117,168,144,73,12
170: 85,35,150
171: 97,77,40,93,44
172: 57,148,142,15,131,135
173: 147,21,118,87,72,32
174: 25,113,31,142,39
175: 147,21,15,165,177
176: 126,63,95,132,69
177: 21,175,165,24,158,166
178: 112,134,76,139,86
179: 48,108,18,28,10
180: 138,161,48
181: 85,35,121,115,0