0: 35,70,106,115
6: 31,52,83,8,53,57
7: 30,109,20,43
8: 6,80,53,57,67
9: 120,65,67,12,124,17,103
10: 28,108
11: 37,99,74,66
12: 27,124,9,73,47,103
13: 88,122,120,60,17,54
14: 38,114,104,39
15: 24,21,25,31,57,22,27
16: 29,109
17: 19,103,120,9,13,89,54
18: 97,44,86,40,28,108
19: 17,36,76,103,117,89
20: 43,80,53,109,102,7
21: 24,56,15,118,22
22: 27,21,15,32,47
23: 34,28,82,112,86
24: 21,56,15,61,25,113
25: 39,113,31,24,15
26: 72,105,32,42,77,98,93
27: 57,22,12,124,15,47
28: 23,18,86,10
29: 16,102,51,84
30: 78,7,43,81
31: 6,52,25,39,15,57
32: 72,26,118,22,42,47
33: 100,95,110,126,59
34: 23,82,37
35: 0,115,91,85
36: 19,89,82,112,99
37: 11,99,34,82
38: 14,46,39,52
39: 25,113,38,14,31,52
40: 97,18,86,73,42,77,76
41: 74,125,66,79
42: 73,47,77,32,26,40
43: 20,80,30,7,65,60
44: 97,18,68,50,123,108
45: 94,119,75,105,106,101
46: 51,84,38,52,83
47: 73,42,22,12,27,32
48: 123,108
49: 71,70
50: 85,91,68,44,123
51: 46,84,29
52: 31,6,83,38,46,39
53: 20,80,102,6,83,8
54: 74,89,125,88,13,17
55: 119,75,96,110,71,59
56: 24,21,118,96,69,87
57: 27,31,6,8,15
58: 116,61,104,63,62,111
59: 71,33,55
60: 120,65,43,13,122
61: 58,104,113,111,24
62: 58,63
63: 58,62,95,111,126
64: 107,127
65: 120,9,60,67,43,80
66: 74,41,11
67: 65,9,8,80,124
68: 91,93,90,97,44,50
69: 96,110,111,56
70: 0,106,71,75,49
71: 59,55,75,49,70
72: 105,32,26,87,118
73: 42,47,12,76,103,117,40
74: 41,89,54,125,66,11,99
75: 45,119,55,71,70,106
76: 19,117,73,86,40,112
77: 42,26,93,97,40
78: 30,127,81,92
79: 107,41,125
80: 20,43,53,8,65,67
81: 92,122,30,78
82: 34,23,36,37,99
83: 6,52,46,84,102,53
84: 46,51,29,102,83
85: 50,35,91
86: 18,40,76,28,23,112
87: 72,105,96,56,118,94
88: 92,13,122,107,54,125
89: 74,54,19,17,36,99
90: 98,91,68,93,121,101
91: 68,90,121,35,50,85
92: 81,88,122,78,127,107
93: 98,68,90,26,77,97
94: 45,119,96,105,87
95: 33,100,63,126
96: 69,110,56,94,119,55,87
97: 18,44,40,77,68,93
98: 93,90,105,26,101
99: 37,11,36,74,89,82
100: 33,95
101: 106,115,45,105,98,90,121
102: 29,109,84,83,20,53
103: 19,17,117,12,9,73
104: 58,116,61,114,14,113
105: 72,26,87,45,94,101,98
106: 0,70,115,101,45,75
107: 64,92,88,79
108: 48,18,44,10
109: 16,102,20,7
110: 96,69,126,33,55
111: 69,126,58,61,63
112: 23,36,76,86
113: 25,39,61,104,24
114: 116,104,14
115: 0,35,106,101,121
116: 58,114,104
117: 19,76,103,73
118: 21,56,72,32,87
119: 45,94,55,75,96
120: 65,9,60,13,17
121: 91,90,115,101
122: 81,92,88,13,60
123: 48,44,50
124: 12,27,9,67
125: 74,41,54,88,79
126: 110,111,63,33,95
127: 78,92,64