0: 45,26,49,35
6: 31,8,57,53,52
7: 20,43,30
8: 27,6,57,53,20,43,9
9: 13,43,8,27,12,17,19
10: 28,44,48,18
11: 17,36,37,54
12: 40,47,27,9,19
13: 43,9,60,17,54
14: 39
15: 24,21,25,39,31,22
16: 20,29,51
17: 11,36,19,13,9,54
18: 10,28,44,40,42,23
19: 17,23,36,9,40,12
20: 7,16,53,51,8,43
21: 24,15,22,45,32,56
22: 31,57,21,15,32,47
23: 36,19,40,28,18,34
24: 21,15,61,55,56
25: 15,61,39,58
26: 0,45,32,42,35,44
27: 8,57,9,12
28: 10,18,23,34
29: 46,51,16
30: 60,7
31: 22,6,57,39,15
32: 45,26,21,22,42,47
33: 55,62,61,59
34: 23,36,37,28
35: 50,0,26
36: 11,17,23,37,19,34
37: 11,36,34
38: 46,52
39: 14,25,15,31
40: 42,47,12,23,19,18
41: 60,54
42: 40,47,32,26,44,18
43: 13,9,20,7,8,60
44: 10,48,18,26,42,50
45: 0,32,26,56,21,49
46: 38,51,52,29
47: 40,42,12,22,32
48: 10,44,50
49: 59,0,45,56
50: 35,44,48
51: 53,46,52,29,20,16
52: 53,46,38,51,6
53: 51,52,20,8,6
54: 13,41,11,17
55: 33,24,61,59,56
56: 45,55,24,21,49,59
57: 31,22,8,27,6
58: 62,25,61
59: 49,33,55,56
60: 30,41,13,43
61: 24,25,33,55,58
62: 33,58