0: 45,26,49,35
6: 31,8,53,52
7: 20,43,30
8: 31,27,6,53,20,43,9
9: 13,43,8,27,12,17,19
10: 28,44,48,18
11: 17,36,37,41
12: 40,47,22,27,9,19
13: 43,9,30,41,17
14: 39
15: 21,25,39,31,22
16: 20,29,51
17: 11,36,19,13,9,41
18: 10,28,44,40,42,23
19: 17,23,36,9,40,12
20: 7,16,53,51,8,43
21: 24,25,15,22,45,32
22: 31,27,21,15,32,47,12
23: 36,19,40,28,18,34
24: 21,25,33,49,45
25: 24,21,15,39,33
26: 0,32,42,35,44
27: 31,22,8,9,12
28: 10,18,23,34
29: 46,16
30: 7,13,43
31: 22,8,27,6,15
32: 45,26,21,22,42,47
33: 24,25
34: 23,36,37,28
35: 50,0,26
36: 11,17,23,37,19,34
37: 11,36,34
38: 46,52
39: 14,25,15
40: 42,47,12,23,19,18
41: 13,11,17
42: 40,47,32,26,44,18
43: 13,9,20,7,8,30
44: 10,48,18,26,42,50
45: 0,32,24,21,49
46: 38,51,29
47: 40,42,12,22,32
48: 10,44,50
49: 24,0,45
50: 35,44,48
51: 53,46,52,20,16
52: 53,38,51,6
53: 51,52,20,8,6