0: 491,710,723,674,765,698
6: 52,552,999,1145,395,683,744
7: 182,520,331,696,973
8: 67,192,799,656,694,80,809
9: 1105,732,155,997,940,375,447,230
10: 351,949,883,1162,595,926
11: 583,401,1132,1120,591
12: 1183,880,584,273,556,801,285,168
13: 88,981,338,408,248,942
14: 439,695,39,791,634,566
15: 175,898,261,579,426,341,468
16: 403,1034,649,453
17: 149,602,1168,438,700,578
18: 282,855,178,310,680,86
19: 76,722,398,432,1021,917,139
20: 274,762,355,109,1058,53
21: 177,763,709,874,620,1121,603,87
22: 919,743,854,1051,231,753
23: 818,370,1191,272,1124,878,1148,152
24: 1206,492,746,538,1044,494,234
25: 1046,214,945,712,1110,1004
26: 193,289,1092,1102,443,675,98,137
27: 148,131,919,743,135,1049,238
28: 1162,595,882,687,372,1069
29: 473,288,1196,757,1123,705,841
30: 81,78,973,182,824,140
31: 791,634,643,412,202,985,999
32: 1125,519,1185,1083,937,568,289,864,443
33: 259,361,729,895,110,458
34: 128,1150,152,738,641
35: 191,1012,1020,778,711,394,1106
36: 369,358,541,290,573,878,332
37: 265,82,1203,707,755
38: 1173,889,46,39,791,643
39: 347,557,1173,38,14,695,791
40: 619,479,528,839,197,802,348
41: 345,1088,482,268,724
42: 279,952,748,254,662,409,414
43: 274,762,995,733,417,271
44: 956,852,97,108,460,546
45: 1202,1207,424,266,607,1192
46: 889,38,881,298,1029,643
47: 681,168,254,1186,556,678,748,1119
48: 1091,1099,978,840,646,1031
49: 445,1189,691,580
50: 161,123,1094,637,138
51: 889,685,881
52: 829,552,6,985,83,999,1145
53: 102,109,297,914,20,355
54: 163,671,938,1087,484,847
55: 188,59,601,525,259,361
56: 1023,927,590,1056,690,761,736
57: 1065,365,554,945,717,759
58: 132,684,1033,1208,461,531,772
59: 188,55,1045,601,505
60: 501,275,886,232,756,449
61: 946,735,448,318,466,196
62: 868,1174,644,104,754,534
63: 816,176,95,531,684,1208,727
64: 582,270,1127,313,860
65: 809,417,271,228,1128,975,80,67
66: 145,833,830,345,724,642
67: 192,8,809,65,228,201,585
68: 827,264,356,1176,920,503,963,977
69: 690,761,727,176,406,324,513
70: 910,843,793,720,608,1022
71: 691,533,615,1045,1189,944
72: 451,289,1152,519,1083,508
73: 872,360,879,1040,1096,807,529
74: 469,609,1143,393,222,833
75: 899,1166,720,608,1153,605,203,771
76: 19,722,851,1021,619,702,564,139
77: 632,1163,948,597,414,965,1025,667,409,1040
78: 81,30,973,536
79: 758,808,487,258
80: 762,355,656,8,809,65,271
81: 78,30,536,276,140,1074,363
82: 37,1203,441,495,707
83: 829,52,552,84,430,186
84: 298,561,160,430,829,83
85: 343,716,385,1000,244,1111
86: 463,546,680,282,18,310,852
87: 831,359,1158,21,763,620,673
88: 13,338,740,125,942,204
89: 984,301,486,480,996,1071
90: 402,419,1019,739,811,517
91: 569,407,218,1210,850,811,419
92: 787,784,367,216,908,907
93: 794,785,1195,467,768,1140,356,920
94: 508,227,728,105,668,451
95: 300,677,531,816,972,63
96: 262,157,1062,831,386,1041
97: 44,956,460,797,425,444,1026
98: 456,688,381,137,26,193,675
99: 1117,290,838,454,1165,599
100: 390,1028,935,1108,292
101: 106,891,1043,498,246,932,1156
102: 757,705,1131,109,53,190,297
103: 391,551,714,306,438,670,578
104: 537,849,754,196,868,62
105: 94,728,451,193,289,246,381
106: 891,101,1043,1014,835,1156
107: 490,740,313,1048,293,322,204
108: 44,956,179,546,978,840
109: 102,1131,1058,53,20
110: 913,326,458,361,33,775
111: 200,760,494,234,927,590,489
112: 1006,139,1204,855,178
113: 422,318,1090,1072,448
114: 993,318,1090,452,252,611
115: 547,340,323,968,295,195,364
116: 866,1109,392
117: 472,512,480,1032,309,851,951
118: 806,1182,481,459,922,901
119: 976,544,828,1184,475,742,960
120: 483,162,562,435,1067,1167,726
121: 653,400,194,950,629,819
122: 703,154,1037,1160,893,518
123: 832,161,50,291,1094,1035,1024
124: 151,1038,1049,238,396,994,633
125: 346,1087,942,88,240,204
126: 406,299,387,971,324,713,485
127: 256,363,504,287
128: 34,1150,510,152,1005,1200
129: 209,456,688,467,1140,827,846
130: 936,1010,1177,629,511,686
131: 148,27,1175,617,919,953,172,1190
132: 911,684,58,1033,1208,760,736
133: 548,307,545,586,1178,279,1157,925
134: 272,878,855,1006,358,857,680
135: 151,585,437,1049,859,148,27
136: 469,912,630,1130,477,905
137: 98,456,688,26,1102,675,731,245,1188
138: 233,637,161,50,1016,362
139: 112,917,1204,1021,76,19,178
140: 1074,1104,966,81,30,824
141: 567,970,159,337,682,820
142: 579,206,627,1008,647,1170,560
143: 589,581,622,810,1018,875
144: 1183,880,273,1181,421,476,947,823
145: 66,830,1120,1132
146: 242,769,649,626,696,520
147: 1051,549,341,1039,261,854
148: 131,27,172,988,859,135
149: 602,962,648,821,1168,17
150: 170,986,1000
151: 1038,135,585,124,437,1049,238,994
152: 34,128,510,738,1148,818,23
153: 1160,921,788,415,389,893
154: 122,907,725,703,604,1037
155: 9,940,1077,447,792,187,990
156: 651,1116,891,1014,382,1180
157: 661,515,673,831,386,96
158: 224,166,1122,357,603
159: 910,843,1027,970,141,820
160: 561,430,1201,84,1187
161: 832,123,50,867,931,138,362
162: 483,562,120,672,790,930,1167,726
163: 671,663,54,296,335,847
164: 242,995,1058,751,626,274
165: 175,575,664,532,220,627
166: 1122,158,603,1001,909,1098
167: 284,930,990,593,187,1118,749,672
168: 965,285,1061,681,47,254,12,556,801,658
169: 941,542,325,648,812,663,296
170: 150,1000,778,716,316
171: 1015,631,836,229,210,507,328,1113
172: 813,750,953,902,988,1190,148,131
173: 1100,654,922,281,464,1089,610,901,1194,715,974,1155
174: 422,1046,214,439,1072,566,554
175: 575,165,185,898,15,627,579
176: 816,405,63,727,69,406
177: 21,874,1121,249,842,1017,1009,701,1129
178: 282,18,855,1021,702,112,139
179: 463,897,546,108,840,1142
180: 514,1016,1003,305,362,795,621
181: 195,364,674,194,191,711
182: 520,7,418,30,973,824
183: 614,730,425,797,304,1114,1026
184: 410,267,266,780,533,615
185: 175,575,664,898,1009,655,249,1129,822
186: 190,297,353,1159,430,552,83
187: 593,207,1118,1077,155,940,167,990
188: 59,55,221,502,259
189: 227,728,500,786,856,498
190: 186,297,1159,705,102
191: 35,1020,711,181,674,698
192: 67,799,8,859,988,809,585
193: 451,26,289,1092,1102,105,98,381
194: 653,400,121,181,195,711,1106
195: 181,364,115,968,653,194
196: 868,849,104,466,946,61
197: 523,1068,1193,839,348,479,40
198: 967,1060,592,442,637,638
199: 679,862,1042,730,832,1035
200: 760,111,494,1075,538,644,911
201: 585,437,67,228,817,1086
202: 634,31,412,566,1065,903,554
203: 605,639,500,786,771,75
204: 240,322,88,107,740,125
205: 738,641,332,1107,294,265,989
206: 142,261,854,579,560,1175,617
207: 187,924,1118,915,692,1077,792
208: 438,700,1002,379,431,732,880,584
209: 129,456,381,1043,932,846
210: 171,836,229,774,1113,384,565
211: 923,286,1013,1091,646,241
212: 372,818,510,1133,1169,926,320
213: 462,454,576,984,837,912,609
214: 422,174,1046,945,25,554
215: 300,677,574,693,783,539
216: 280,908,371,907,703,92
217: 899,1192,608,1153,607,814
218: 91,569,407,385,1111,622
219: 374,1205,969,900,718
220: 712,532,1110,627,647,165
221: 1103,502,188
222: 345,482,1093,1143,74,833
223: 283,452,697
224: 158,357,603,620,515,673
225: 550,1104,966,415,389,939
226: 887,679,1078,825,794,774,1126,565
227: 189,94,728,668,786,618
228: 809,65,1128,975,67,201,817
229: 631,171,210,429,425,444,384
230: 706,476,1105,732,9,375,880,431
231: 1052,753,635,22,1051,263,1039
232: 769,873,418,501,60,449
233: 637,138,638,514,1016,734,865
234: 111,494,1206,24,652,489
235: 885,253,796,669,741,721,1141,660,789,519,317
236: 863,279,952,748,1119,1155,806,844,524
237: 504,845,488,434
238: 396,753,27,743,151,124,1049,633
239: 756,613,415,966,921,1011
240: 853,322,204,377,346,125
241: 969,949,883,646,211,923
242: 146,769,873,164,995,626
243: 477,905,1149,401,441
244: 986,1000,85,413,581,1111
245: 768,731,471,303,1188,688,467,137,1195
246: 101,498,932,728,105,381
247: 742,527,1041,699,428,262,639,618,668
248: 13,408,416,335,942,847
249: 177,709,1121,1009,185,553,1129,822,493
250: 559,301,486,671,896,938
251: 423,992,292,390
252: 439,695,611,1072,114,1090
253: 397,796,669,741,235,496,493,359,1198
254: 965,681,168,47,952,748,42,409,632,414
255: 765,698,1020
256: 127,363,550,939,287,987
257: 700,1002,997,955,904,602
258: 884,268,79,487
259: 361,33,729,502,188,55
260: 642,1120,591
261: 854,579,206,15,1051,147,341
262: 428,96,420,660,1062,1041,247
263: 1051,549,1039,1063,231,635,654,906,459
264: 827,68,846,1176,330,311,977
265: 37,989,1203,641,205,755
266: 184,410,607,383,780,424,45
267: 708,184,410,533,959,636,404
268: 884,958,258,724,487,1088,41
269: 555,509,491,710,1115
270: 582,64,313,1048,758,808
271: 809,65,417,1128,80,762,43
272: 1124,134,878,687,857,1191,23
273: 1183,880,12,144,584,556
274: 762,43,20,1058,164,995
275: 964,60,886,756,924,800,1011
276: 536,81,363
277: 343,400,950,344,569,385,1210
278: 612,474,734,865
279: 236,863,952,748,42,844,586,133,662,1157
280: 216,845,287,488,908,987,371
281: 173,610,1194,715,885,669,877,1084
282: 805,18,178,310,1021,702,528,308,86
283: 223,982
284: 955,790,167,930,904,990
285: 1061,681,168,12,556,801,658,391,714
286: 211,923,640,1013,1101,305,795
287: 280,845,987,127,256,504
288: 473,29,1196
289: 451,26,193,864,1092,1102,72,519,1083,32,508,105
290: 541,1117,99,747,599,36,369
291: 123,1094,1035,1024,739,442,402
292: 251,100,390
293: 853,322,107,1048,808,487,1088
294: 446,1149,747,205,1107,989
295: 723,1115,1151,115,340,364
296: 163,663,648,624,812,335,169
297: 190,186,353,102,53,914
298: 84,881,980,1029,46,829
299: 126,387,971,1073,334,935,342
300: 677,95,215,539,871,972
301: 984,250,837,559,89,486,1071
302: 563,1009,701,655,427,652,664
303: 768,731,540,471,245,1188,1007
304: 478,1114,628,183,797,1026,1085
305: 180,795,286,1101,621
306: 658,391,103,551,714,388,625,1080
307: 443,675,548,133,545,1007,1102,731
308: 429,450,665,399,1070,805,282,310
309: 625,1080,523,1097,1154,551,117,512,1032,851
310: 805,282,18,308,665,852,86
311: 330,936,1156,1081,1043,264,846,1176
312: 382,506,594,848,651,781,323
313: 270,64,1127,1048,766,107,490
314: 933,543,621,1101,530,577
315: 478,867,628,1082,1003,795
316: 1012,778,170
317: 789,519,1141,235,420,660,1152
318: 114,993,1090,466,61,448,113
319: 1034,751,649,841,626
320: 457,1200,212,510,918,1169
321: 992,979,436,1073,334,390
322: 293,853,240,204,107,1048
323: 115,547,781,968,848,506,312
324: 455,713,513,69,126,406,971
325: 169,941,521,663,896,472,486
326: 913,110,485,458,352,387
327: 929,1184,475,329,870,719,650
328: 360,879,471,826,1113,1015,171,836
329: 929,327,713,870,485,352
330: 936,311,1081,264,1176,804,686,977
331: 453,696,7,973
332: 738,205,600,1107,36,541,573
333: 561,991,349,473
334: 390,935,321,1073,299
335: 416,624,812,248,163,296,847
336: 860,1055,434,787,367,766,1127
337: 1137,509,682,645,567,141,934
338: 88,981,13,1136,858,740
339: 530,577,718,1205
340: 115,547,820,1151,682,295,364
341: 549,147,1039,468,15,261,426
342: 1028,935,299,387,895,458
343: 394,85,716,1106,277,400,385
344: 850,511,1197,950,277,1210
345: 222,41,482,724,833,66
346: 1087,484,125,240,377,943,433
347: 659,557,39,1173,685
348: 892,657,802,839,597,197,40,528
349: 333,561,430,473,1159,705
350: 921,983,1011,788,800,749
351: 949,900,10,588,704,926
352: 913,485,326,1064,929,329
353: 186,297,552,683,606,914
354: 844,1144,937,568,586,1178,548
355: 80,762,20,53,656,914
356: 1140,827,68,920,93
357: 224,1122,158,870,1050,515,650
358: 1006,36,369,573,134,878
359: 721,831,87,1141,1158,1198,763,253,741
360: 872,328,879,73,807,529,1015,507
361: 259,33,110,55,525,775
362: 1016,1003,180,161,867,138
363: 127,256,81,276,550,1074
364: 181,195,674,115,340,723,295
365: 1065,903,57,737,535,717,888
366: 368,916,666,558,928,612
367: 787,92,488,908,434,336
368: 916,666,366
369: 1006,599,36,917,1204,358,290
370: 372,818,1069,1191,23
371: 389,939,893,216,280,987,703
372: 818,212,1069,370,1162,28,926
373: 374,900,588
374: 373,219,1205
375: 1105,9,1038,1112,447,706,230,994
376: 426,553,822,1179,496,1209,773,468
377: 853,240,346,943,482,1093
378: 632,1163,965,1061,658,388,623
379: 208,438,700,801,584,714
380: 1075,411,534,461,1174
381: 209,98,456,105,193,246,932
382: 312,594,848,651,156,1014,1010,1180
383: 780,775,424,526,525,266
384: 614,425,444,1126,565,229,210
385: 569,218,343,85,277,1111
386: 742,1041,699,960,661,157,831,96
387: 126,299,971,342,485,326,458
388: 1080,1068,623,1097,1193,658,306,1163,378
389: 371,939,893,415,225,153
390: 334,100,935,251,992,321,292
391: 658,103,714,306,801,285
392: 116,1109,777,1066,411,534
393: 1143,834,433,837,559,74,609
394: 343,716,1106,400,35,778,711
395: 470,683,737,587,744,6,1145
396: 1052,571,238,753,745,124,633,1095
397: 253,796,669,779,1179,496,1209,715
398: 19,722,432,454,1076,1165,599,917
399: 657,807,802,529,1070,507,308,450
400: 194,121,950,394,343,1106,277
401: 11,583,441,1132,477,243,905
402: 90,442,419,1019,739,291,1024
403: 1196,16,1034,841
404: 567,1057,636,970,708,267
405: 816,436,1073,176,406,971
406: 126,971,405,176,69,324
407: 91,218,1134,419,622,810
408: 981,13,248,435,725,1067,416
409: 662,1025,667,925,42,254,77,632,414
410: 708,184,267,266,607,814
411: 380,534,1138,461,392,876,1066
412: 31,202,999,1145,903,744
413: 589,581,986,244,1053
414: 77,632,42,965,681,254,662,409
415: 239,613,1104,966,225,153,921,389
416: 1067,624,335,1167,408,248
417: 815,65,271,1128,43,733,954
418: 182,520,769,232,824,449
419: 90,1134,402,1019,811,91,407
420: 428,262,660,1152,317,508,668
421: 476,1095,571,947,880,144,1181
422: 174,1046,113,214,598,1072,448
423: 251,992,979,871
424: 383,526,45,1207,266,607
425: 614,444,183,384,1126,229,97,797
426: 376,822,1179,898,15,341,468
427: 746,616,652,532,302,664
428: 262,420,660,1041,247,618,668
429: 308,450,665,631,229,444,460
430: 561,349,160,84,83,186,1159
431: 208,1002,230,476,1105,732,880,584
432: 19,722,398,996,951,1076
433: 943,834,393,938,346,484,559
434: 1055,336,488,237,367
435: 483,120,725,1037,1067,408
436: 816,405,972,1073,979,321
437: 151,201,1038,135,585,1086
438: 208,700,379,801,1168,17,103,714,578
439: 252,14,695,1072,634,566,174
440: 537,849,689,1135
441: 583,401,243,82,495
442: 402,1019,291,1094,1060,198,637
443: 675,548,307,32,568,1178,26,864,1092,1102
444: 425,384,631,229,429,97,460
445: 49,497,580
446: 477,1149,294,630,1117,747,838
447: 1112,1077,465,792,1105,155,9,375
448: 1171,61,735,318,422,113,598
449: 756,613,824,232,418,60
450: 308,429,665,399,631,507
451: 193,289,72,508,94,105
452: 223,697,114,993,1161,611
453: 331,696,16,649
454: 462,213,576,1076,1165,398,99,838
455: 324,713,1146,513,870,1050
456: 129,209,98,688,381,137,932,846
457: 320,918,861
458: 110,326,342,387,33,895
459: 118,1182,481,263,1052,635,745,922,906,901
460: 44,852,97,429,665,444
461: 1075,380,411,1138,772,58,1033
462: 213,454,576,912,630,838
463: 179,897,857,546,680,86
464: 1100,654,922,173,610,1194,715,669
465: 1112,692,817,447,792,1086
466: 993,318,1139,849,196,61
467: 129,688,768,245,1140,93,1195
468: 549,341,773,15,376,426,1179
469: 136,912,74,609,833,1130,830
470: 395,683,587,782,694,606
471: 768,540,245,303,328,879,826
472: 117,512,480,521,325,896,486
473: 29,288,333,349,705
474: 278,865,514,543
475: 929,1184,327,719,119,544
476: 706,230,421,633,1095,1105,880,144,1181,431
477: 243,905,446,1149,136,630,401
478: 304,867,1114,931,315,628
479: 619,40,564,523,197,1154
480: 117,472,89,486,996,951
481: 806,118,1182,947,1047,459,823,571,635,745
482: 222,345,1088,41,1093,853,377
483: 518,162,562,120,435,1037,1067
484: 346,1087,54,938,943,433
485: 326,352,126,387,713,329
486: 250,301,89,325,896,472,480
487: 79,808,293,1088,268,258
488: 280,845,908,237,367,434
489: 927,798,111,234,1206,652,563
490: 766,107,858,740,787,313
491: 710,0,269
492: 24,746,616,1171,735,1044,1004
493: 553,496,763,709,249,1198,253
494: 200,111,234,538,644,1044,1206,24
495: 707,583,441,82
496: 376,553,1179,493,1209,1198,253,397,779
497: 580,516,445,803,890
498: 891,101,246,189,728,856
499: 957,894,720,605,500,793
500: 605,203,786,189,499,894,856
501: 60,954,886,873,733,232
502: 221,1103,752,259,729,188
503: 963,596,68,920,887,825
504: 127,845,287,237
505: 59,1045,1054
506: 312,594,323,968,653,819
507: 1015,631,171,360,807,399,450
508: 94,668,420,1152,519,451,289,72
509: 1137,337,555,934,269,1115
510: 128,152,818,212,1169,320,1200
511: 344,804,1197,686,130,950,629
512: 117,472,1032,551,521,625,309
513: 455,324,1146,761,69
514: 1016,180,233,474,865,543,621
515: 661,719,650,157,673,224,357
516: 959,497,580,645,636,890
517: 739,811,570,963,596,572,90
518: 483,562,1160,983,788,122,1037
519: 1125,789,317,1185,1083,32,235,1152,508,289,72
520: 182,7,418,696,146,769
521: 941,670,325,551,625,472,512
522: 667,925,1096,545,1007,540,872
523: 309,1068,197,1097,1154,1193,1032,479
524: 844,974,1089,806,236,863,1155
525: 55,601,361,383,780,775
526: 383,775,424,913,1064,1036,1207
527: 742,699,247,1199,828,639,771
528: 619,702,40,802,348,1070,805,282
529: 892,657,807,399,1025,948,360,73,1040
530: 339,577,933,314
531: 677,95,772,58,1208,63
532: 712,220,427,616,664,165
533: 691,71,615,184,267,959
534: 380,411,1109,392,754,1174,62
535: 737,587,365,717,888,813,902
536: 276,81,78
537: 440,849,1135,104,754,866,1109
538: 868,644,946,1044,200,494,24
539: 783,1059,871,300,215
540: 731,471,303,1007,522,872,879
541: 1117,747,290,36,332,1107
542: 169,941,670,578,648,1168
543: 933,314,621,514,474
544: 1036,119,976,1207,1064,929,1184,475
545: 548,307,133,1007,662,1157,522,925,731
546: 179,463,897,86,44,852,108
547: 115,820,340,781,323,968,1027
548: 443,675,307,133,545,354,568,586,1178,1157
549: 147,341,263,773,1039,1063,468,1100
550: 1074,1104,225,256,363,939
551: 103,306,521,670,625,1080,309,512
552: 52,6,83,186,353,683
553: 376,1129,822,496,493,709,249
554: 1065,57,566,202,174,214,945
555: 803,934,509,269
556: 1183,12,273,1186,823,678,285,681,168,47
557: 347,659,697,39,695,611
558: 366,928,592,638,612,734
559: 250,837,301,938,393,433
560: 1008,1170,953,142,206,1175,617
561: 333,991,349,160,430,1201,84,1159
562: 483,518,162,120,672,983,930
563: 302,842,701,652,798,489
564: 619,479,1154,1032,76,722,851
565: 384,1126,774,1113,210,679,226
566: 634,202,14,439,174,554
567: 1057,636,970,404,141,645,337
568: 354,1144,937,586,1178,32,864,443,548
569: 91,218,385,1210,277
570: 811,517,963,596,977,572,804,1197
571: 1052,396,745,421,1095,947,481
572: 850,804,1197,811,517,570
573: 1124,878,36,358,332,600
574: 869,693,783,215
575: 175,664,165,185,898,627,655
576: 462,213,454,1076,1071,984
577: 530,339,718,640,1101,314
578: 542,670,438,1168,17,103,714
579: 142,261,206,627,175,15
580: 959,497,516,691,445,49
581: 413,589,1111,143,622,244
582: 270,64,758
583: 11,401,441,495
584: 880,12,273,208,379,801,431
585: 151,201,135,437,67,192,859
586: 354,844,1144,568,1178,863,279,548,133,1157
587: 470,395,737,782,535,813
588: 861,704,351,900,373
589: 413,581,143,1053,1164,875
590: 56,927,760,111,736
591: 1120,260,11
592: 1018,967,198,638,558,928
593: 187,924,1118,800,749,167,672
594: 382,506,312,1177,1010,1180,819
595: 1162,646,28,1031,882,883,10
596: 503,739,517,570,963,887,767,825
597: 77,632,839,1163,948,892,348
598: 422,1046,1171,448,1004
599: 369,917,398,1165,99,290
600: 738,332,1148,1124,573
601: 59,55,1045,525,780,615
602: 149,821,17,955,904,700,257
603: 224,166,158,1001,21,874,620
604: 907,725,154,784,981,1136
605: 500,203,771,720,75,499,894
606: 656,694,914,353,470,683
607: 410,266,814,424,45,1192,217
608: 899,217,720,75,1022,814,70
609: 469,912,74,837,393,213
610: 173,281,464,1089,1194,974,1084
611: 252,695,452,697,557,114
612: 278,734,916,366,558
613: 756,239,824,449,415,966
614: 1042,730,425,183,384,1126
615: 533,71,1045,601,780,184
616: 492,427,746,712,532,1004
617: 131,1175,919,560,854,206
618: 639,786,247,428,227,668
619: 1021,702,479,40,528,564,76
620: 21,763,224,603,673,87
621: 543,314,514,305,180,1101
622: 581,1111,143,407,218,1134,810
623: 388,1068,1193,839,1163,378
624: 1067,416,812,335,1167,1147,726,296
625: 1080,309,1097,551,306,521,512
626: 751,319,649,146,242,164
627: 220,647,175,575,165,142,579
628: 304,478,315,764,1026,1082,1085
629: 121,950,819,1177,130,511,686
630: 136,912,462,838,477,446
631: 1015,171,229,507,429,450,444
632: 77,839,1163,597,378,414,965,254,409
633: 706,994,476,1095,124,238,396
634: 791,31,566,202,14,439
635: 1052,231,753,745,263,1039,906,481,459
636: 567,404,267,959,516,645
637: 233,138,638,442,50,1094,198
638: 233,637,198,592,558,734
639: 203,786,771,618,527,247,1199
640: 923,286,1101,577,718
641: 738,205,265,34,1150,755
642: 676,260,958,724,66
643: 791,31,46,38,1029,985,999
644: 868,538,1174,62,1075,911,200,494
645: 516,567,636,934,890,337
646: 595,1031,1091,48,211,241,883
647: 717,759,770,1170,1110,220,627,142
648: 149,962,1168,812,169,941,542,296
649: 1034,319,626,16,453,696,146
650: 719,515,870,1050,357,327
651: 848,957,156,894,1116,382,312
652: 1206,427,746,234,489,302,563,701
653: 194,121,819,968,506,195
654: 1100,922,173,464,906,715,263,773,1063
655: 302,1009,701,575,664,185
656: 694,606,914,80,355,8
657: 892,807,802,399,348,529,1070
658: 391,306,285,1061,168,378,388
659: 347,697,557
660: 428,262,420,1152,1062,721,1141,235,317
661: 719,515,157,673,1184,386,960
662: 1157,667,409,925,279,42,545,414
663: 163,671,896,296,169,941,325
664: 575,165,185,427,532,302,655
665: 308,429,450,310,852,460
666: 368,366,928,1164,875
667: 662,1025,522,409,925,1096,77,1040
668: 508,94,227,247,428,420,618
669: 885,253,397,796,235,281,464,1194,715,877
670: 941,542,521,578,1168,103,551
671: 163,663,54,896,938,250
672: 162,562,593,749,983,167,930
673: 661,515,157,224,620,831,87
674: 181,364,0,723,698,191
675: 443,548,307,26,1102,98,137,731,1188
676: 642,958
677: 300,95,215,531,772,693
678: 748,1119,1047,1186,556,47
679: 1078,199,226,862,1042,1126,565
680: 463,857,86,18,855,134
681: 965,285,1061,168,47,254,556,748,414
682: 1137,337,1151,141,820,340
683: 470,395,552,6,353,606
684: 132,58,1208,63,727,736
685: 1173,889,51,347
686: 804,511,1197,130,330,936,629
687: 897,857,272,28,882,1069,1191
688: 129,98,456,467,137,245,1188,1140
689: 440,849,982,1161,1139
690: 761,727,736,69,56,1056
691: 533,71,1189,49,959,580
692: 1077,465,817,792,975,207,915
693: 574,869,876,1138,677,215,772
694: 656,606,470,782,799,8
695: 252,14,439,611,557,39
696: 453,331,649,146,520,7
697: 659,557,223,452,611
698: 765,255,0,674,191,1020
699: 742,527,386,1041,247,960
700: 208,438,1002,257,379,602,17
701: 302,563,842,1017,1009,655,652,177
702: 1021,619,528,76,805,282,178
703: 122,907,154,371,893,216
704: 588,918,861,1133,926,351
705: 757,102,349,473,29,190,1159
706: 230,994,476,633,1095,1105,375
707: 495,37,82
708: 410,267,814,1022,1057,404
709: 21,763,1121,249,553,493,1198
710: 491,0,723,1115,269
711: 191,35,181,194,394,1106
712: 532,1110,220,1004,1046,25,616
713: 455,324,870,126,485,329
714: 391,103,306,438,379,801,285,578
715: 1100,654,173,281,464,1194,1209,773,397,669,779
716: 394,343,85,778,170,1000
717: 759,888,1008,647,770,945,1065,365,57,535
718: 339,577,923,640,969,219,1205
719: 661,515,650,1184,327,475,960
720: 608,75,605,793,70,499
721: 1062,831,359,1141,1158,741,235,660
722: 76,19,398,432,851,951,564
723: 710,0,295,1115,364,674
724: 958,268,345,41,66,642
725: 154,604,1037,435,981,408
726: 624,1167,1147,790,930,162,120,962,821
727: 690,736,69,684,1208,63,176
728: 189,94,227,105,498,246
729: 259,33,895,1028,1108,752,502
730: 1042,614,183,199,832,1114,931
731: 540,245,303,1188,675,307,545,1007,137
732: 1105,9,997,940,230,208,1002,431
733: 873,995,43,417,501,954
734: 278,612,865,233,638,558
735: 1171,946,61,448,1044,492
736: 690,727,132,684,760,56,590
737: 395,587,744,535,365,903
738: 641,332,205,600,1148,34,152
739: 517,596,767,90,402,291,1024
740: 107,490,858,88,338,1136,204
741: 253,796,235,721,359,1141
742: 527,386,699,247,960,1199,119,828
743: 27,919,22,1049,238,753
744: 395,737,412,6,1145,903
745: 1052,571,396,635,947,481,459
746: 1206,492,427,24,616,652
747: 541,1117,290,446,294,1107
748: 678,236,279,952,42,1119,681,47,254
749: 593,800,983,350,167,672
750: 813,172,988,782,799
751: 319,841,626,1123,1131,1058,164
752: 1103,502,1108,729
753: 1052,238,231,396,635,743,22
754: 537,104,1109,534,62
755: 1005,641,265,37,1150
756: 239,613,449,60,275,1011
757: 1123,705,102,1131,29
758: 79,808,582,270
759: 717,647,770,945,57,1110
760: 200,111,911,132,736,590
761: 690,69,56,1056,1146,513,961
762: 274,80,43,20,355,271
763: 21,709,620,1121,493,359,87,1198
764: 1091,1099,1082,1085,628,1013
765: 255,698,0
766: 490,787,336,1127,313
767: 887,1078,862,739,596,1024
768: 471,245,303,467,826,785,93,1195
769: 146,242,873,232,520,418
770: 717,759,888,1008,647,1170
771: 605,639,203,828,527,1199,1166,75
772: 677,531,693,1138,461,58,1033
773: 549,1063,468,376,1179,1209,779,1100,654,715
774: 826,794,785,1113,210,226,825,565
775: 383,526,361,913,110,525
776: 1200
777: 392,869,1066
778: 35,1012,394,716,316,170
779: 397,1179,496,1209,773,1100,715
780: 383,601,525,615,184,266
781: 547,323,1079,1027,848,312
782: 470,587,694,813,750,799
783: 1059,539,574,215
784: 787,92,907,604,1136,858
785: 826,794,774,93,1113,1195,768
786: 639,500,203,618,189,227
787: 92,784,367,336,766,490,858
788: 153,1160,921,983,350,518
789: 1125,519,317,1185,877,885,235
790: 955,284,930,162,821,726
791: 634,643,31,39,38,14
792: 692,1077,465,817,447,207,155
793: 1079,910,70,720,499,957
794: 774,785,93,920,226,825
795: 1003,305,180,315,1082,286,1013
796: 885,253,397,669,741,235
797: 956,97,425,183,304,1026
798: 1023,927,909,489,563,842
799: 192,8,782,694,750,988
800: 593,924,1118,749,964,275,1011,350
801: 438,379,12,584,285,168,391,714
802: 892,657,399,348,1070,40,528,805
803: 555,934,890,497
804: 572,511,1197,686,330,570,977
805: 282,310,802,1070,702,528,308
806: 118,1182,1047,481,1089,901,524,236,1119,1155
807: 657,399,529,360,73,1040,507
808: 758,79,487,270,1048,293
809: 65,271,228,80,67,192,8
810: 1018,967,1060,407,1134,143,622
811: 517,570,850,572,91,90,419
812: 624,335,1147,962,648,169,296
813: 750,902,172,587,782,535,888
814: 708,410,607,217,608,1022
815: 417,1128,975,954,998,915
816: 405,972,436,63,176,95
817: 692,465,792,1086,228,975,201
818: 372,212,370,23,510,152
819: 653,121,629,968,506,1177,594
820: 547,340,141,1027,159,682
821: 149,602,962,955,790,1147,726
822: 376,426,553,1129,185,898,249
823: 1182,947,1047,481,1183,144,1186,556
824: 613,449,182,418,30,140,966
825: 887,1078,226,920,794,774,503,596
826: 774,785,1113,768,471,328,836
827: 1140,68,264,356,846,1176,129
828: 119,976,1030,1202,742,527,1199,1166,1153,771
829: 52,985,83,84,298,1029
830: 145,833,1130,66,469,1132
831: 1062,721,359,87,1158,157,673,386,96
832: 161,123,1035,199,730,931
833: 66,830,222,345,469,74
834: 1143,943,393,433,1093
835: 936,1156,1010,1081,1180,106,1014
836: 1015,171,210,328,826,1113
837: 984,559,301,393,213,609
838: 1117,99,462,454,630,446
839: 632,1163,597,623,197,1193,892,348,40
840: 48,1099,978,108,179,1031,1142
841: 1034,751,319,29,1196,403,1123
842: 563,1017,701,909,798,1001,177
843: 910,159,70,1022,1057,970
844: 354,974,1144,937,1084,586,524,1178,1089,236,863,279
845: 280,287,488,908,504,237
846: 827,264,1176,1043,932,129,209,456,1156,311
847: 1087,942,335,248,163,54
848: 651,957,1079,781,323,382,312
849: 440,537,689,104,466,1139,196
850: 344,572,1197,811,91,1210
851: 76,722,951,309,1154,117,1032,564
852: 44,460,665,310,546,86
853: 293,240,322,377,1088,482
854: 261,206,617,919,22,1051,147
855: 18,178,112,1006,680,134
856: 894,1116,500,189,891,498
857: 687,463,897,680,272,134,878
858: 490,740,787,784,338,1136
859: 192,988,148,135,585
860: 1055,336,64,1127
861: 588,918,704,457
862: 887,679,1078,199,767,1035,1024
863: 236,279,952,1155,844,586,524
864: 289,1092,1102,1083,32,568,443
865: 278,474,734,233,514,1016
866: 116,1109,537,1135
867: 478,931,315,161,1003,362
868: 196,538,1174,62,644,104,946
869: 574,876,693,1066,777
870: 455,713,1050,357,327,329,650
871: 1059,539,300,423,979,972
872: 360,879,73,1040,522,1096,540
873: 242,769,995,733,232,501
874: 21,177,1121,1017,603,1001
875: 1164,589,143,1018,666,928
876: 869,693,1066,411,1138
877: 1125,789,1185,885,669,281,1144,937,1084
878: 272,1124,573,134,36,358,857,23
879: 872,360,328,73,540,471
880: 1183,12,144,584,273,1181,230,421,476,208,431
881: 298,980,51,889,46
882: 28,595,1031,1142,687,897,1069
883: 949,241,10,646,595
884: 958,268,258
885: 796,669,235,281,789,877
886: 501,964,60,954,275,998
887: 1078,226,767,862,825,503,596
888: 717,1008,770,365,535,813,902
889: 1173,685,46,38,51,881
890: 803,934,497,516,645
891: 106,101,498,1014,156,856,1116
892: 657,802,348,529,839,948,597
893: 371,389,153,1160,122,703
894: 499,651,957,856,1116,605,500
895: 33,729,1028,342,458
896: 671,663,325,472,250,486
897: 179,687,463,857,546,882,1142
898: 175,575,185,15,426,1129,822
899: 1192,1166,217,608,75,1153
900: 969,351,949,588,373,219
901: 922,173,1089,806,118,1182,459,1155
902: 813,953,172,1190,535,888,1008
903: 1065,365,412,202,737,744
904: 955,284,990,997,940,257,602
905: 477,243,136,1130,401,1132
906: 654,922,263,1063,635,459
907: 703,154,604,216,92,784
908: 216,280,845,488,92,367
909: 1023,798,1098,842,1017,166,1001
910: 1079,843,793,1027,159,70
911: 132,1033,1075,644,200,760
912: 136,469,630,609,462,213
913: 110,326,352,1064,775,526
914: 656,606,297,353,53,355
915: 207,924,815,975,964,998,692
916: 368,366,612
917: 599,369,139,1204,19,398
918: 861,704,1133,1169,457,320
919: 131,27,617,743,22,854
920: 68,356,794,93,503,825
921: 153,1011,788,350,239,415
922: 654,173,464,906,901,118,459
923: 211,286,640,969,241,718
924: 593,207,1118,800,915,964,275
925: 662,1157,667,522,409,1096,133,545,1007
926: 704,1133,1162,372,212,351,10
927: 1023,56,590,798,489,111
928: 666,366,558,1018,592,875
929: 1064,327,475,329,352,544
930: 284,790,167,990,162,562,672,726
931: 478,867,1114,730,832,161
932: 101,1043,246,209,456,381,846
933: 543,314,530
934: 803,555,890,645,1137,509,337
935: 334,100,390,1028,342,299
936: 130,835,330,311,1010,1081,1177,686
937: 354,844,1144,568,1084,1125,1185,32,877
938: 671,54,484,250,559,433
939: 371,389,550,225,256,987
940: 732,155,9,997,187,904,990
941: 169,542,521,670,325,648,663
942: 1087,125,847,88,13,248
943: 834,433,346,484,377,1093
944: 1054,1189,1045,71
945: 214,25,57,554,1110,717,759
946: 61,735,1044,196,868,538
947: 481,823,571,745,421,1095,144,1181
948: 77,597,1025,1040,892,529
949: 969,351,900,241,883,10
950: 400,121,629,344,511,277
951: 722,432,851,996,117,480
952: 236,863,279,748,42,1119,254
953: 902,172,1190,1008,560,131,1175
954: 501,886,998,733,815,417
955: 284,790,904,257,602,821
956: 44,97,108,797,978,1026
957: 848,499,651,894,1079,793
958: 884,268,724,676,642
959: 580,516,691,533,267,636
960: 742,386,699,1184,661,719,119
961: 1122,761,1056,1098,1146
962: 149,648,821,812,1147,726
963: 503,517,570,596,977,68
964: 275,886,998,924,800,915
965: 1061,681,168,254,77,632,378,414
966: 140,1104,225,239,613,824,415
967: 810,1018,1060,198,592
968: 115,547,323,506,195,653,819
969: 949,900,241,923,718,219
970: 567,1057,404,141,843,159
971: 126,406,299,387,405,1073,324
972: 816,436,871,300,95,979
973: 78,30,331,182,7
974: 844,1144,1084,524,173,1089,610,1155
975: 815,65,228,1128,692,817,915
976: 1036,119,544,1030,828,1202,1207
977: 570,963,330,68,264,804
978: 48,1099,1026,840,1085,956,108
979: 423,992,321,871,972,436
980: 881,298,1187
981: 13,338,408,1136,725,604
982: 283,689,1161
983: 788,350,749,518,562,672
984: 837,301,89,213,576,1071
985: 829,52,999,1029,643,31
986: 150,1000,244,413
987: 280,287,256,371,939
988: 750,172,192,799,859,148
989: 265,1203,1149,294,205
990: 284,167,930,904,187,155,940
991: 333,561,1201
992: 251,423,979,321,390
993: 114,318,1161,466,1139,452
994: 706,633,151,1038,124,375
995: 242,873,164,733,274,43
996: 432,951,480,89,1076,1071
997: 732,9,940,904,1002,257
998: 964,954,886,815,915
999: 52,6,985,1145,643,31,412
1000: 150,170,986,244,85,716
1001: 166,603,909,1098,842,1017,874
1002: 208,700,257,431,732,997
1003: 180,362,795,867,315
1004: 712,1171,1046,598,25,492,616
1005: 755,128,1150
1006: 112,369,1204,358,855,134
1007: 307,545,522,925,731,540,303
1008: 717,888,770,1170,560,953,902,142,1175
1009: 302,701,655,185,177,249,1129
1010: 130,835,936,1180,382,1177,594
1011: 921,350,275,756,239,800
1012: 35,1020,778,316
1013: 211,286,1091,764,1082,795
1014: 106,891,156,382,835,1180
1015: 631,171,836,507,360,328
1016: 514,180,362,233,138,865
1017: 842,701,909,1001,177,874,1121
1018: 810,967,592,143,875,928
1019: 90,1134,442,402,419,1060
1020: 191,35,1012,255,698
1021: 619,702,76,19,282,178,139
1022: 608,708,814,1057,843,70
1023: 56,927,909,1056,798,1098
1024: 123,291,1035,739,767,862,402
1025: 667,409,1096,77,948,1040,529
1026: 978,1085,183,956,97,797,304,628
1027: 1079,910,159,547,820,781
1028: 100,935,1108,342,729,895
1029: 298,46,643,829,985
1030: 976,828,1202,1192,1166,1153
1031: 646,595,882,1142,48,840
1032: 117,512,309,523,1154,564,851
1033: 911,132,58,1075,461,772
1034: 319,649,841,403,16
1035: 832,123,291,1024,199,862
1036: 976,544,1202,1207,1064,526
1037: 122,725,154,483,518,435
1038: 151,124,437,1112,1086,994,375
1039: 1051,549,147,341,263,231,635
1040: 872,73,1025,667,1096,77,948,807,529
1041: 386,699,247,428,262,96
1042: 614,730,1126,679,199
1043: 106,101,932,209,1156,311,846
1044: 1171,946,735,538,494,492,24
1045: 59,601,505,944,71,615
1046: 422,174,214,598,25,712,1004
1047: 806,1182,481,823,1186,678,1119
1048: 270,313,107,293,322,808
1049: 151,135,124,27,743,238
1050: 455,1146,870,1122,357,650
1051: 147,263,1039,261,854,22,231
1052: 571,231,396,753,635,745,459
1053: 1164,413,589
1054: 944,505
1055: 860,434,336
1056: 1023,56,1098,690,761,961
1057: 567,970,404,708,1022,843
1058: 1131,109,751,274,20,164
1059: 783,539,871
1060: 810,967,198,1134,442,1019
1061: 965,285,681,168,658,378
1062: 721,831,1141,1158,262,96,660
1063: 549,263,773,1100,654,906
1064: 929,913,352,526,1036,544
1065: 365,903,57,554,202,717
1066: 869,876,777,392,411
1067: 416,624,1167,483,120,435,408
1068: 388,523,623,197,1097,1193
1069: 372,370,1191,687,28,882
1070: 657,802,399,528,308,805
1071: 576,1076,984,301,89,996
1072: 252,439,1090,422,174,113
1073: 405,436,321,334,299,971
1074: 550,140,1104,81,363
1075: 380,461,1174,644,911,1033,200
1076: 454,576,1071,1165,398,432,996
1077: 692,447,792,207,187,1118,155
1078: 887,679,226,767,862,825
1079: 910,793,1027,848,957,781
1080: 388,625,309,1097,551,306
1081: 835,330,936,1156,311
1082: 764,315,628,795,1013
1083: 1125,519,1185,32,289,864,72
1084: 844,974,1144,937,281,610,1185,877
1085: 764,1099,978,1026,304,628
1086: 1112,465,817,201,1038,437
1087: 346,484,125,942,847,54
1088: 41,482,293,853,487,268
1089: 173,610,901,806,844,974,524,1155
1090: 114,318,252,1072,113
1091: 48,764,1099,646,211,1013
1092: 26,193,289,864,1102,443
1093: 222,482,377,1143,943,834
1094: 123,50,291,442,637
1095: 706,421,476,633,571,396,947,1181
1096: 1025,667,522,925,872,73,1040
1097: 388,625,1080,309,523,1068
1098: 1023,909,1056,166,1122,961,1001
1099: 1091,48,764,978,840,1085
1100: 654,173,464,715,549,773,1063,779
1101: 286,640,305,314,621,577
1102: 26,193,289,864,1092,443,675,307,137
1103: 221,752,502
1104: 550,140,1074,966,225,415
1105: 732,9,375,447,706,230,476,431
1106: 394,343,400,194,35,711
1107: 332,205,541,747,294
1108: 100,1028,752,729
1109: 116,866,392,537,754,534
1110: 712,220,945,25,759,647
1111: 581,622,85,218,385,244
1112: 465,447,1086,1038,375
1113: 826,774,785,328,171,836,210,565
1114: 304,478,931,730,183
1115: 710,723,295,1137,509,1151,269
1116: 651,156,894,856,891
1117: 541,99,747,290,838,446
1118: 593,207,187,924,800,1077,167
1119: 678,236,952,748,806,1047,47
1120: 145,260,11,1132,591
1121: 21,177,763,709,874,249,1017
1122: 166,158,357,961,1098,1146,1050
1123: 757,1131,29,1196,751,841
1124: 272,573,878,600,1148,23
1125: 789,519,1185,1083,32,877,937
1126: 1042,614,425,384,565,679,226
1127: 64,313,860,336,766
1128: 815,65,417,271,228,975
1129: 553,822,1009,185,898,177,249
1130: 830,136,469,905,1132
1131: 757,1123,102,109,1058,751
1132: 11,401,145,1130,830,1120,905
1133: 918,704,1169,926,212
1134: 419,1019,407,622,810,1060
1135: 440,537,866
1136: 981,338,604,784,858,740
1137: 509,337,1151,682,934,1115
1138: 411,461,876,693,772
1139: 993,1161,466,849,689
1140: 827,356,129,688,467,93,1195
1141: 1062,721,359,741,235,660,317
1142: 1031,882,179,897,840
1143: 834,393,222,1093,74
1144: 354,844,974,937,568,1084,586,877
1145: 52,6,999,412,395,744
1146: 455,513,1050,761,1122,961
1147: 624,812,1167,726,962,821
1148: 738,600,1124,23,152
1149: 477,243,446,294,989
1150: 34,128,641,755,1005
1151: 1137,682,340,295,1115
1152: 420,660,519,317,508,72
1153: 899,1192,1166,217,75,1030,828
1154: 309,523,1032,479,564,851
1155: 236,863,173,1089,901,806,974,524
1156: 835,311,1081,106,101,1043,846
1157: 662,925,586,279,548,133,545
1158: 1062,721,831,359,87
1159: 190,186,561,349,430,705
1160: 153,788,893,518,122
1161: 993,1139,982,452,689
1162: 28,595,372,10,926
1163: 77,632,839,597,378,388,623,1193
1164: 1053,875,589,666
1165: 454,1076,398,599,99
1166: 899,75,1153,1030,828,1199,771
1167: 1067,416,624,1147,726,162,120
1168: 149,648,17,438,542,670,578
1169: 918,1133,212,510,320
1170: 1008,647,770,560,142
1171: 735,448,1044,598,492,1004
1172: 1187,1201
1173: 889,685,38,347,39
1174: 868,62,644,1075,380,534
1175: 131,617,1008,560,953,1190,206
1176: 827,68,264,846,330,311
1177: 594,130,936,1010,629,819
1178: 354,844,568,586,443,548,133
1179: 376,426,496,1209,773,468,397,779
1180: 835,1010,156,1014,382,594
1181: 880,144,421,476,1095,947
1182: 806,118,1047,481,459,823,901
1183: 880,12,144,273,1186,556,823
1184: 327,475,661,719,119,544,960
1185: 1125,789,519,1083,32,877,937,1084
1186: 1183,556,1047,823,678,47
1187: 980,1172,160,1201
1188: 731,245,303,675,688,137
1189: 944,691,71,49
1190: 953,902,172,131,1175
1191: 1069,370,23,687,272
1192: 899,217,1153,45,1030,1202,607
1193: 388,523,1068,623,197,839,1163
1194: 173,281,464,610,715,669
1195: 785,93,467,768,245,1140
1196: 403,29,288,1123,841
1197: 850,344,572,804,511,686,570
1198: 359,763,709,496,493,253
1199: 742,527,828,1166,639,771
1200: 776,320,128,510
1201: 561,991,160,1172,1187
1202: 1036,45,976,1030,828,1207,1192
1203: 265,37,82,989
1204: 112,1006,369,917,139
1205: 374,219,339,718
1206: 24,746,652,494,234,489
1207: 1036,45,976,544,1202,424,526
1208: 132,684,58,531,63,727
1209: 376,1179,496,773,397,779,715
1210: 91,569,850,344,277