0: 45,32,26,35
6: 16,38,46,20,31,8
7: 20,43,30
8: 31,27,6,20,43,9
9: 13,43,8,27,19,17
10: 18,44,35
11: 17,36,37,41
12: 19,40,22,27,32
13: 43,9,30,17,41
14: 39
15: 39,21,31,22
16: 6,46,29,20
17: 11,23,36,41,13,9,19
18: 42,40,44,23,10,28
19: 12,40,27,9,17,23
20: 7,6,16,8,43
21: 25,15,24,22,45,32
22: 31,27,21,15,32,12
23: 17,36,18,19,40,28,34
24: 21,33,45
25: 39,21,33
26: 0,32,42,44,35
27: 31,22,8,9,19,12
28: 18,23,34
29: 16,46
30: 13,43,7
31: 22,8,27,6,15
32: 0,45,26,21,22,42,12
33: 25,24
34: 23,36,37,28
35: 0,26,44,10
36: 11,17,23,37,34
37: 11,36,34
38: 6,46
39: 25,15,14
40: 18,42,19,12,23
41: 11,17,13
42: 18,40,44,32,26
43: 13,9,30,20,7,8
44: 18,42,26,35,10
45: 0,32,21,24
46: 6,16,38,29