0: 49,70,45,35
6: 53,52,83,31,8,57
7: 20,16,43,30
8: 67,53,6,80,65
9: 13,65,67,12,19,17
10: 18,44,28,48
11: 74,82,37
12: 47,73,67,27,9,19
13: 65,9,60,88,17,54
14: 39,25,58
15: 24,21,25,31,22,57
16: 20,7,84,29
17: 19,89,13,9,54
18: 10,44,77,86,40,28
19: 17,36,76,9,73,12
20: 7,16,43,80,53
21: 24,56,15,22,72,32,87
22: 27,57,21,15,32,47
23: 34,28,36,86
24: 21,56,15,25,69,61
25: 14,39,58,31,61,24,15
26: 72,45,32,42,90,77
27: 22,67,57,47,12
28: 34,23,10,18,86
29: 51,84,16
30: 7,43,78
31: 6,52,39,25,15,57
32: 72,26,21,22,42,47
33: 63,59
34: 28,23,37
35: 68,85,90,45,0
36: 19,76,82,23,37
37: 36,82,11,34
38: 39,46,52
39: 14,38,25,52,31
40: 42,73,76,18,77,86
41: 74,66,54,79
42: 40,47,73,32,26,77
43: 20,7,80,30,60
44: 10,18,77,50,68,48
45: 72,26,70,75,0,35,90
46: 51,38,52,83
47: 42,73,12,22,27,32
48: 50,10,44
49: 70,71,0
50: 68,85,44,48
51: 46,84,29,83
52: 6,83,31,46,39,38
53: 6,83,20,80,8
54: 74,41,13,88,17,89
55: 71,75,69,59,56,87
56: 24,21,69,55,87
57: 22,27,6,31,15
58: 62,14,25,61
59: 63,33,71,55
60: 81,78,88,43,13
61: 63,69,58,62,25,24
62: 58,63,61
63: 69,59,61,62,33
64: 79,78
65: 13,9,80,8,67
66: 74,41
67: 8,27,65,9,12
68: 35,50,85,90,44
69: 63,61,24,56,55
70: 49,71,75,45,0
71: 49,70,55,75,59
72: 45,32,26,87,21,75
73: 40,42,47,12,19,76
74: 66,11,54,41,89
75: 70,71,55,72,45,87
76: 19,36,40,73,86
77: 18,44,26,40,42,90
78: 81,64,60,79,30
79: 81,64,78,41
80: 20,43,53,8,65
81: 60,79,78,88
82: 36,89,11,37
83: 53,6,52,46,51,84
84: 51,29,83,16
85: 35,50,68
86: 18,40,76,28,23
87: 72,21,56,55,75
88: 81,60,13,54
89: 17,82,74,54
90: 35,68,45,26,77