0: 491,295,364,191
6: 412,395,552,53,353,470
7: 78,30,331,520
8: 80,228,67,53,470,192
9: 155,447,375,208,230,257
10: 211,241,595,179,28,351
11: 260,401,145,583,495
12: 285,391,273,379,584,168
13: 88,338,248,408,484,125
14: 452,557,252,347,39
15: 261,147,579,341,175,185,426
16: 453,288,403
17: 438,257,149,602,542,103,578
18: 463,86,282,112,134
19: 117,564,76,480,432,139,599
20: 274,355,297,102,109,164
21: 224,87,158,493,603,359
22: 131,238,27,261,147,549,231
23: 134,272,573,152,600,370
24: 538,494,61,448,422,598,492
25: 598,427,532,165,422,214,220,365
26: 381,193,289,568,443,98,137
27: 22,131,238,135,124,148
28: 372,351,370,179,272,10,595
29: 288,403,102,473,109
30: 78,7,520,182,140,81
31: 38,39,46,566,202,52
32: 354,133,281,548,568,519,72,289
33: 326,458,502,110,361,259
34: 265,205,152,37,128
35: 191,181,400,316,255,394
36: 541,290,369,358,332,294
37: 82,34,265
38: 347,39,31,51,46
39: 347,38,31,14,252,439,566
40: 479,348,564,76,528,399,178
41: 322,482,487,258,268,345
42: 254,47,409,279,414,77,522
43: 242,164,274,271,232,501
44: 108,86,546,310,97,460
45: 424,544,527,217,75,203
46: 84,83,38,31,51,52
47: 254,236,168,409,279,556,42
48: 211,595,108,179,315,304
49: 505,445,71,580,533
50: 138,442,198,123,161,233
51: 38,298,84,46
52: 412,552,31,46,83,202
53: 355,353,6,470,8,80
54: 163,484,250,346,301,559
55: 361,601,259,525,59
56: 158,513,166,111,489,590,69
57: 202,554,412,395,142,365,560,535
58: 461,531,132,380,111,200,590
59: 188,601,259,55,505,71
60: 275,232,501,239,449,350
61: 196,466,448,538,24
62: 534,116,380,196,104,200
63: 531,436,95,405,176
64: 270,313,336,582
65: 228,271,201,417,465,207
66: 268,345,222,469,145,260
67: 8,228,201,192,148,135,585
68: 517,503,264,129,356,570,511
69: 324,176,406,132,590,56,513
70: 410,217,404,499,75,159
71: 184,533,59,601,505,49
72: 451,508,519,317,32,568,289
73: 414,77,540,529,597,171,507,360,399
74: 377,222,469,433,213,393,136
75: 217,70,499,45,500,203,605
76: 117,564,19,40,139,178
77: 414,540,73,522,529,42
78: 536,30,7,81
79: 258,270,582,487
80: 8,228,271,274,355,53
81: 550,140,363,78,536,30,276
82: 495,37,243,441,583,265
83: 84,46,186,52,552,353
84: 46,83,298,51,430,186
85: 170,394,343,244,385
86: 463,44,546,18,310,282
87: 224,157,96,21,359,262
88: 338,13,604,107,204,125
89: 301,486,454,432,576,480,398
90: 517,291,570,419,402
91: 218,402,385,407,419,569
92: 367,336,154,216,490,313
93: 210,356,467,245,328,471
94: 428,247,451,508,227,105
95: 300,215,436,411,461,531,63
96: 157,87,262,428,386,420
97: 425,444,460,108,44,304
98: 137,245,381,26,456,467
99: 541,446,398,454,462
100: 292,390,342,458,502
101: 209,311,330,106,382,498
102: 190,473,29,20,297,109
103: 521,551,578,306,379,438,17,391
104: 196,466,440,114,62,116
105: 193,246,94,451,227,189
106: 312,382,594,330,101,130
107: 313,88,490,604,204,293
108: 44,546,97,304,48
109: 319,164,102,403,29,20
110: 352,485,326,33,361,383,526
111: 489,200,494,590,132,58,56
112: 139,369,358,178,282,18,134
113: 318,448,422,439,214,252,174
114: 283,440,452,104,466,318
115: 547,340,323,506,312,195
116: 62,537,104
117: 564,19,309,76,472,480,512
118: 481,459,263,173,524,236,556
119: 247,527,386,327,475,544
120: 335,416,483,162,284,149,602
121: 130,194,400,277,344,343
122: 154,216,371,389,518,435
123: 50,442,199,291,161,183
124: 238,27,135,437,151,585,421
125: 240,204,346,88,13,484
126: 455,485,299,406,326,387
127: 504,276,287,363
128: 510,320,34
129: 264,311,456,356,467,68
130: 194,121,106,506,594,330,344
131: 22,27,206,172,148,261
132: 531,58,111,590,69,176
133: 354,32,548,586,409,279,307,545
134: 23,272,573,112,358,463,18
135: 27,124,148,67,585
136: 462,401,145,477,74,469,213
137: 443,98,245,303,307,26
138: 50,161,362,233,514,180
139: 369,112,599,178,19,76,290
140: 550,81,225,30,182,415
141: 547,340,159,404,509,337
142: 220,365,206,560,57
143: 218,407,198,592,581
144: 431,476,584,421,273,481,571
145: 401,136,469,66,260,11
146: 331,520,418,453,242,319
147: 261,15,341,22,549,231
148: 192,172,67,131,27,135
149: 284,17,602,542,120,335,416
150: 170,244,413
151: 437,375,585,124,421,230,476
152: 34,205,600,23,370,510
153: 389,518,562,350,415,239
154: 216,122,371,92,338,490,435,604
155: 167,187,447,9,284,257
156: 500,189,605,323,312,382,498
157: 327,224,87,515,96,386
158: 56,513,166,563,177,603,357,224,21
159: 547,141,323,404,70,499,605
160: 298,561,430
161: 362,478,183,50,138,123
162: 518,562,167,593,284,120,483
163: 54,484,250,296,248,335
164: 109,242,319,43,274,20
165: 25,427,532,175,220,185,575
166: 158,56,513,563,489,177
167: 187,155,593,162,284
168: 254,47,556,273,584,12,285
169: 521,325,551,578,542,296
170: 85,394,316,150
171: 229,328,429,507,360,450,73
172: 535,192,587,148,206,560,131
173: 263,464,235,118,354,281,524
174: 566,554,113,439,214,365
175: 220,206,165,185,15,579
176: 69,406,531,132,63,405
177: 302,249,493,603,158,166,563
178: 139,112,40,76,528,282
179: 463,546,272,10,48,595,28
180: 314,305,138,362,514,543
181: 364,191,35,195,194,400
182: 415,449,520,418,30,140
183: 161,478,304,199,425,123
184: 71,533,267,601,525,266,410
185: 249,426,575,165,175,15,579
186: 190,430,84,83,297,353
187: 167,155,593,207,447,275,350
188: 59,221,259
189: 500,156,227,105,246,382,498
190: 102,349,473,430,186,297
191: 364,35,181,0,255
192: 470,172,587,148,8,67
193: 381,105,246,26,289,451
194: 130,400,121,506,594,181,195
195: 364,181,547,340,115,506,194
196: 61,104,466,62,538,200
197: 597,523,479,348,378,414,529
198: 50,442,407,143,592,233,558
199: 291,226,596,425,384,123,183
200: 538,111,494,62,380,196,58
201: 65,228,67,465,437,585
202: 566,554,57,31,52,412
203: 500,227,45,247,527,75
204: 240,125,88,107,322,293
205: 332,34,265,152,294,600
206: 175,220,142,560,172,261,579,131
207: 187,447,65,275,417,465
208: 431,379,230,9,438,257
209: 311,456,101,381,246,498
210: 356,93,229,328,565,503
211: 241,10,48,595,286,315,219
212: 372,351,320,457,588
213: 74,393,454,576,462,136
214: 113,422,174,25,220,365
215: 300,95,539,574,411
216: 154,122,371,367,280,92
217: 410,70,75,424,266,45
218: 91,385,407,143,244,581
219: 339,374,286,211,241,577
220: 175,142,365,206,214,25,165,579
221: 502,188,259
222: 74,377,469,482,345,66
223: 452,557,283
224: 357,157,87,515,21,158,513
225: 550,140,256,415,389,371
226: 565,199,503,596,384
227: 500,203,189,247,94,105
228: 8,65,80,271,67,201
229: 171,328,429,210,565,384,444
230: 431,208,476,151,375,9
231: 396,459,147,22,238,549,263
232: 60,501,242,43,418,449
233: 558,514,50,138,198
234: 489,494,492,427,563,302
235: 397,464,173,253,519,317,281
236: 47,279,556,118,481,524,586
237: 504,488,434
238: 22,27,124,396,231,421
239: 415,449,60,153,350
240: 204,125,346,322,482,377
241: 211,10,351,374,219,373
242: 319,164,43,146,418,232
243: 82,446,441,477,265,294
244: 85,218,385,150,413,581
245: 98,137,303,467,93,471
246: 381,105,193,189,498,209
247: 428,119,527,386,94,203,227
248: 335,408,416,13,163,484
249: 177,302,185,426,493,575,553,603
250: 163,54,296,325,301,486
251: 321,390
252: 14,452,39,318,113,439
253: 359,262,496,397,235,519,317
254: 47,168,42,285,378,414
255: 316,191,35
256: 550,363,225,371,280
257: 284,438,17,602,155,9,208
258: 79,487,41,268
259: 361,55,221,33,502,188,59
260: 11,591,66,145
261: 15,147,579,206,22,131
262: 359,253,87,96,317,420
263: 549,468,464,173,231,118,459
264: 311,330,129,570,511,68
265: 34,205,294,82,37,243
266: 383,424,525,184,410,217
267: 184,533,567,410,404
268: 345,66,41,258
269: 555,509,491
270: 64,313,582,293,79
271: 65,80,228,274,43,417,501
272: 134,23,573,179,463,28,370
273: 481,571,144,584,168,556,12
274: 20,355,164,43,80,271
275: 60,417,501,187,207,350
276: 127,536,81,363
277: 121,344,569,343,385
278: 474,543,314
279: 236,47,409,42,133,586
280: 367,363,256,287,216,371
281: 354,32,464,235,173,519
282: 310,308,528,112,178,86,18
283: 440,114,223,452
284: 257,149,602,167,155,162,120
285: 12,378,388,391,254,168
286: 362,315,211,305,219
287: 127,504,363,367,488,280
288: 403,29,16
289: 193,26,451,72,32,568,443
290: 541,36,398,432,139,369,599
291: 199,517,90,596,402,442,123
292: 390,100
293: 322,487,270,313,107,204
294: 332,265,205,541,36,446,243
295: 0,491,509,340,364
296: 163,250,542,335,325,169
297: 20,355,353,190,102,186
298: 160,51,84
299: 334,342,405,406,387,126
300: 321,215,436,95,539,423
301: 89,486,559,576,54,250,393
302: 177,249,575,234,427,563
303: 137,245,307,540,522,545,471,360
304: 315,478,183,425,97,108,48
305: 314,180,577,286,362
306: 521,103,551,512,388,391,309
307: 443,137,303,133,548,409,545
308: 310,528,282,399,507,450
309: 117,564,388,512,306,523,479
310: 308,282,450,460,86,44
311: 264,209,330,456,129,101
312: 106,506,382,594,156,323,115
313: 270,64,107,336,92,490,293
314: 305,180,530,577,543,278
315: 286,362,478,304,211,48
316: 255,35,170,394
317: 508,519,420,72,253,262,235
318: 113,448,114,452,252,466
319: 109,242,164,403,453,146
320: 128,510,212,372,457
321: 300,436,251,334,390
322: 482,487,41,293,240,204
323: 547,115,159,499,156,605,312
324: 69,406,513,455,357
325: 521,169,512,250,296,472,486
326: 387,458,33,110,126,485
327: 157,515,352,329,475,119,386
328: 171,229,429,471,360,210,93
329: 352,455,485,327,357,515,475
330: 264,311,101,106,130,511,344
331: 146,520,453,7
332: 205,294,600,358,36,573
333: 561,349,473
334: 390,299,342,405,321,436
335: 248,120,416,149,542,163,296
336: 367,434,92,64,313
337: 516,555,509,567,404,141
338: 88,13,435,604,154,408
339: 374,219,530,577
340: 547,141,115,509,295,364,195
341: 15,147,426,549,376,468
342: 334,390,299,100,387,458
343: 85,394,400,121,277,385
344: 572,511,569,330,130,121,277
345: 268,66,482,41,222
346: 240,125,54,484,559,377,433
347: 38,39,14,557
348: 197,597,523,479,40,529,399
349: 190,473,430,333,561
350: 153,562,275,60,239,187,593
351: 28,212,372,241,10,373,588
352: 110,329,485,327,383,475,526
353: 355,297,53,83,186,6,552
354: 133,32,281,548,524,586,173
355: 274,20,297,53,353,80
356: 210,467,93,129,503,68
357: 224,515,324,158,513,455,329
358: 369,112,36,134,573,332
359: 253,262,496,493,87,21
360: 171,328,507,471,303,540,73
361: 259,55,525,33,110,383
362: 161,286,315,478,138,305,180
363: 550,81,256,127,276,287,280
364: 191,181,195,340,0,295
365: 220,142,214,554,174,57,25
366: 592,589,368,558
367: 488,434,336,280,92,287,216
368: 474,558,366
369: 139,112,358,36,290
370: 28,372,23,272,152,510
371: 154,216,122,225,256,389,280
372: 28,212,351,370,510,320,588
373: 588,241,351,374
374: 339,219,241,373
375: 465,437,151,447,9,230
376: 468,397,426,553,341,496
377: 74,222,433,240,346,482
378: 285,388,254,414,197,523
379: 431,208,584,438,12,391,103
380: 62,534,461,58,200
381: 193,246,26,98,209,456
382: 106,312,498,156,189,101
383: 424,266,526,110,352,361,525
384: 425,444,229,565,199,226
385: 218,91,277,569,85,343,244
386: 428,119,247,527,327,157,96
387: 326,458,299,342,126
388: 285,378,391,306,523,309
389: 518,153,415,225,122,371
390: 334,342,321,292,251,100
391: 12,285,388,379,103,306
392: 534,411
393: 74,433,213,301,454,559,576
394: 170,85,343,35,400,316
395: 6,412,57,535,470,587
396: 231,421,481,459,571,238
397: 376,468,464,235,253,496
398: 541,99,290,89,454,432,599
399: 308,528,73,597,40,348,507,450
400: 194,121,35,181,394,343
401: 145,441,477,136,583,11
402: 91,407,419,291,90,442
403: 288,29,16,453,109,319
404: 410,70,267,567,337,141,159
405: 334,299,436,63,176,406
406: 324,69,176,299,405,455,126
407: 218,91,402,143,442,198
408: 248,416,483,338,13,435
409: 47,279,42,133,307,522,545
410: 217,404,70,266,184,267
411: 392,534,215,95,461
412: 52,6,395,552,202,554,57
413: 581,589,244,150
414: 77,73,529,254,42,378,197
415: 182,239,449,140,225,389,153
416: 248,120,335,408,483,149
417: 275,501,65,271,207
418: 146,520,242,232,182,449
419: 570,572,569,90,91,402
420: 508,317,96,262,428
421: 396,571,238,124,151,144,476
422: 113,448,214,24,25,598,532
423: 300,539
424: 383,266,45,526,544,217
425: 384,444,97,199,478,183,304
426: 185,249,553,15,341,376
427: 25,492,532,165,234,302,575
428: 247,386,94,96,508,420
429: 171,229,328,450,444,460
430: 190,349,186,160,561,84
431: 379,208,144,230,476,584,438
432: 89,19,480,599,398,290
433: 74,377,393,346,559
434: 367,488,336,237
435: 338,518,154,122,408,483
436: 300,321,95,63,334,405
437: 465,151,375,585,201,124
438: 257,17,431,379,208,103,578
439: 113,252,39,566,174
440: 283,537,114,104
441: 401,477,583,82,243
442: 50,198,123,291,402,407
443: 137,307,548,568,26,289
444: 425,384,97,460,229,429
445: 49,580,497
446: 541,99,462,477,294,243
447: 187,155,207,9,465,375
448: 318,113,422,61,466,24,598
449: 182,415,239,418,232,60
450: 171,429,507,310,308,399,460
451: 508,72,94,105,193,289
452: 223,14,557,252,283,114,318
453: 16,403,319,331,146
454: 89,576,213,393,99,398,462
455: 126,329,485,324,406,357
456: 209,311,129,381,98,467
457: 588,212,320
458: 326,387,33,502,342,100
459: 396,231,118,481,571,549,263
460: 444,97,429,450,310,44
461: 531,58,534,411,380,95
462: 477,136,454,213,99,446
463: 179,86,546,18,134,272
464: 468,397,263,235,173,281
465: 437,375,65,201,207,447
466: 196,61,104,114,318,448
467: 356,93,98,245,456,129
468: 549,376,397,263,464,341
469: 74,222,66,145,136
470: 192,587,6,395,53,8
471: 328,360,245,303,540,93
472: 117,480,325,512,486
473: 190,102,349,333,29
474: 368,558,514,543,278
475: 526,544,352,329,327,119
476: 431,144,230,151,421
477: 462,401,441,136,446,243
478: 161,362,315,183,304,425
479: 197,523,40,348,564,309
480: 117,19,472,89,486,432,599
481: 396,118,273,459,571,144,236,556
482: 322,41,240,377,222,345
483: 120,408,416,162,518,435
484: 163,54,248,13,125,346
485: 110,352,455,126,329,326
486: 89,301,325,250,472,480
487: 322,41,293,79,258
488: 367,434,504,287,237
489: 111,494,590,234,56,166,563
490: 604,154,92,313,107
491: 0,295,269,509
492: 598,427,532,494,24,234
493: 177,249,553,603,21,359,496
494: 538,111,489,200,24,234,492
495: 82,583,11
496: 359,253,493,553,376,397
497: 445,516,555
498: 382,156,189,246,209,101
499: 70,75,605,323,159
500: 156,203,227,189,605,75
501: 275,232,60,417,43,271
502: 458,33,221,100,259
503: 565,517,226,68,596,210,356
504: 127,287,488,237
505: 49,59,71
506: 312,594,115,195,130,194
507: 171,360,450,73,597,308,399
508: 451,317,420,72,428,94
509: 269,337,141,340,491,295
510: 128,320,152,372,370
511: 570,572,344,264,330,68
512: 521,325,306,117,309,472
513: 158,56,166,324,69,357,224
514: 233,474,558,543,138,180
515: 327,357,224,157,329
516: 555,337,580,567,497
517: 291,90,503,68,596,570
518: 162,389,153,562,122,483,435
519: 317,72,253,235,32,281
520: 331,146,418,30,7,182
521: 325,103,551,169,512,306
522: 77,540,545,409,42,303
523: 197,479,348,378,388,309
524: 354,586,173,118,236
525: 361,601,55,383,266,184
526: 383,424,475,544,110,352
527: 119,247,386,45,544,203
528: 308,282,399,40,178
529: 414,77,73,197,597,348
530: 314,577,339
531: 461,132,63,58,95,176
532: 25,598,492,427,165,422
533: 71,184,580,267,567,49
534: 392,62,411,380,461
535: 172,587,57,395,560
536: 78,81,276
537: 440,116
538: 200,494,24,196,61
539: 300,215,574,423
540: 77,73,522,545,303,471,360
541: 36,99,446,398,290,294
542: 149,17,602,335,169,578,296
543: 474,514,314,180,278
544: 424,45,475,526,119,527
545: 540,522,133,409,303,307
546: 108,179,463,86,44
547: 141,340,323,115,159,195
548: 354,133,32,568,443,307
549: 468,263,147,341,22,231,459
550: 140,81,363,225,256
551: 521,103,169,578,306
552: 52,6,412,83,353
553: 249,426,493,496,376
554: 566,202,174,57,412,365
555: 269,516,337,497
556: 236,47,168,118,273,481
557: 223,14,452,347
558: 368,233,474,514,198,366,592
559: 301,576,54,346,433,393
560: 142,206,57,535,172
561: 333,160,349,430
562: 162,518,153,350,593
563: 158,166,489,234,177,302
564: 117,19,309,76,479,40
565: 226,503,596,210,229,384
566: 202,554,174,39,31,439
567: 580,533,267,404,516,337
568: 32,548,72,26,289,443
569: 572,419,344,277,91,385
570: 572,511,419,264,517,90,68
571: 396,421,273,481,459,144
572: 570,511,419,344,569
573: 134,23,272,358,332,600
574: 215,539
575: 302,185,249,427,165
576: 89,301,454,559,213,393
577: 314,305,530,339,219
578: 103,551,169,438,17,542
579: 261,15,175,220,206,185
580: 533,567,445,49,516
581: 413,589,244,218,143
582: 270,64,79
583: 401,441,11,82,495
584: 431,379,144,273,168,12
585: 437,151,67,201,135,124
586: 354,133,524,236,279
587: 535,470,192,172,395
588: 457,373,212,372,351
589: 366,413,581
590: 111,489,132,58,69,56
591: 260
592: 366,143,198,558
593: 167,187,162,562,350
594: 106,506,312,130,194
595: 211,10,48,179,28
596: 565,199,517,291,226,503
597: 197,348,73,529,507,399
598: 25,492,532,448,422,24
599: 139,19,480,432,398,290
600: 332,205,152,23,573
601: 55,525,59,71,184
602: 284,257,149,17,542,120
603: 177,249,493,158,21
604: 88,338,490,154,107
605: 500,156,499,75,323,159