0: 191,115,255,141
6: 83,52,57,53,8,192
7: 146,164,242,30,182,232
8: 274,80,6,53,192,228,67
9: 208,155,230,257,17,103
10: 212,241,128,48,179
11: 145,260
12: 144,208,169,197,254,168
13: 122,88,204,120,248,163,125
14: 223,114,252,104,39
15: 147,249,185,261,206,175
16: 29,109,146
17: 250,103,149,248,257,9
18: 28,179,134,272,86,108,97
19: 250,54,103,117,139,213,89
20: 274,43,80,102,109,186,53,164
21: 158,177,87,249,185,253
22: 238,231,27,131,147,263,261
23: 205,152,243,112,36,134,272
24: 200,111,234,61,113,25
25: 220,165,113,214,234,24
26: 72,133,32,105,193,98,137
27: 22,238,148,131,135,124
28: 18,179,272,152,128
29: 102,109,16
30: 78,7,182,140,81
31: 202,174,39,38,46,52
32: 72,133,235,279,26,173,47
33: 221,126,110,259,55
34: 205,152,265
35: 191,195,181,170
36: 99,89,112,139,23,243,82
37: 82,265
38: 51,46,39,31
39: 174,31,14,38,252
40: 178,86,76,197,171,73
41: 240,125,204,258,79,268
42: 254,47,133,137,77,73
43: 274,20,164,242,228,271,60,232
44: 199,97,229,171,93,86
45: 217,119,266,96,247,203,75
46: 51,84,38,31,83,52
47: 254,42,236,118,231,133,32,279
48: 10,241,108,179,211,183
49: 71,267,269,70,141
50: 161,198,91,90,68,123
51: 84,46,38
52: 83,6,57,46,202,31
53: 83,6,186,20,8,80
54: 19,250,163,74,125,213
55: 119,266,33,110,184,259
56: 69,157,132,111,166,158
57: 52,6,202,142,172,192
58: 132,63,62,196,200,111
59: 184,259,188
60: 239,232,275,43,65,271
61: 104,116,113,196,200,24
62: 196,63,58
63: 132,58,176,62,215
64: 107,270,92,237
65: 201,271,60,275,207
66: 268,222
67: 201,228,135,8,192,148
68: 210,264,90,123,226,50
69: 56,110,157,132,176,126
70: 159,141,75,184,217,49,267
71: 49,267,269
72: 32,235,26,94,262,105
73: 171,77,254,42,197,40
74: 240,125,54,213,136
75: 159,70,217,45,203,156
76: 178,139,40,117,169,197
77: 171,93,73,133,42,137,245
78: 30,81,276
79: 258,204,107,270,41
80: 274,20,8,53,228
81: 140,256,280,78,30,276
82: 243,265,36,99,145,37
83: 52,6,53,84,46,186
84: 51,46,190,186,83
85: 244,218,121,181,277,170
86: 178,40,171,97,44,18,134
87: 158,224,21,253,94,262,96
88: 154,122,13,204,107,92
89: 36,213,99,19,139
90: 264,68,121,130,277,91,50
91: 198,50,277,90,218
92: 64,107,216,237,154,88
93: 171,77,137,245,210,229,44
94: 227,262,105,96,247,87,72
95: 215,251,176,100
96: 94,247,224,87,119,45
97: 108,199,44,86,18
98: 129,137,245,26,193,209
99: 36,213,89,136,145,82
100: 221,126,95,251
101: 156,246,209,106,130,194
102: 29,190,109,186,20
103: 17,19,250,9,208,117,169
104: 252,116,61,113,14,114
105: 227,94,72,26,193,189
106: 159,101,156,115,195,194
107: 64,270,92,88,204,79
108: 199,97,18,179,183,48
109: 29,102,16,20,146,164
110: 69,157,33,126,119,55
111: 200,234,24,166,132,58,56
112: 178,139,36,134,23
113: 252,104,61,174,214,24,25
114: 223,14,104,116
115: 0,191,195,159,141,106
116: 104,61,114,196
117: 169,19,103,76,139
118: 263,173,231,279,47
119: 55,45,266,110,157,224,96
120: 187,162,149,248,122,13
121: 130,194,181,277,90,85
122: 154,13,88,225,120,162
123: 226,199,68,161,50,183
124: 151,230,135,238,27,144
125: 41,240,74,13,204,54,163
126: 100,221,33,176,69,110
127: 276
128: 10,212,28,179,152
129: 98,245,209,130,210,264
130: 121,194,101,209,129,264,90
131: 172,148,206,261,22,27
132: 63,58,176,111,56,69
133: 32,279,26,42,47,137,77
134: 18,272,112,178,86,23
135: 201,67,148,27,151,124
136: 145,260,74,213,99
137: 98,245,133,26,42,77,93
138: 161,198,180,233,278
139: 112,178,76,117,19,36,89
140: 81,256,30,153,182
141: 159,70,49,0,115
142: 220,206,202,214,57,172
143: 198,150,218,233
144: 208,12,238,124,230,168,273
145: 11,136,260,99,82
146: 7,164,109,16
147: 249,15,263,173,261,22
148: 172,192,131,67,135,27
149: 187,120,248,257,17
150: 244,218,143
151: 207,124,155,230,201,135
152: 34,23,205,28,272,128
153: 167,239,182,140,225,256,162
154: 122,88,216,225,256,280,92
155: 151,207,230,187,257,9
156: 101,189,246,203,159,75,106
157: 56,69,110,158,224,119
158: 177,224,21,87,166,56,157
159: 70,141,75,106,156,115
160: 190
161: 138,198,50,123,180
162: 187,120,167,153,225,122
163: 250,54,248,13,125
164: 146,7,242,109,20,43
165: 25,220,175,234,177,185
166: 111,234,56,158,177
167: 153,239,275,207,187,162
168: 254,236,273,144,12
169: 208,117,197,12,103,76
170: 35,85,244
171: 77,93,73,86,40,44
172: 192,148,131,57,206,142
173: 147,249,263,253,118,32,235,279
174: 202,39,31,214,252,113
175: 220,206,165,185,15,261
176: 132,63,95,126,69
177: 158,21,234,166,165,185
178: 112,86,76,139,40,134
179: 18,28,108,10,128,48
180: 211,183,138,161,278
181: 121,194,35,195,85
182: 153,239,232,7,30,140
183: 180,211,123,108,199,48
184: 59,259,217,55,266,267,70
185: 249,15,175,165,177,21
186: 190,102,84,83,53,20
187: 120,162,149,257,167,207,155
188: 221,59,259
189: 156,193,246,227,105,203
190: 160,102,186,84
191: 0,115,35,195,255
192: 172,148,6,57,8,67
193: 189,246,209,105,26,98
194: 121,130,181,106,101,195
195: 191,115,35,106,194,181
196: 62,116,61,58,200
197: 169,12,254,73,76,40
198: 143,138,161,91,50,218,233
199: 123,226,108,97,229,44,183
200: 111,24,196,61,58
201: 65,228,67,135,271,151,207
202: 174,31,214,52,57,142
203: 227,247,45,75,156,189
204: 13,88,107,41,125,79
205: 34,23,152,243,265
206: 220,175,142,172,131,15,261
207: 151,155,65,201,167,275,187
208: 144,9,169,12,230,103
209: 101,193,246,129,98,130
210: 264,68,129,245,93,226,229
211: 180,183,241,48,219
212: 10,128
213: 99,89,19,54,74,136
214: 202,174,113,25,220,142
215: 95,63
216: 280,237,154,92
217: 45,266,184,70,75
218: 150,85,244,277,143,198,91
219: 211,241
220: 25,206,175,142,165,214
221: 100,188,33,126
222: 260,240,268,66
223: 14,114
224: 158,87,157,119,96
225: 256,153,162,154,122
226: 123,199,229,210,68
227: 94,105,247,203,189
228: 201,67,271,274,43,8,80
229: 226,199,44,245,93,210
230: 151,124,155,144,9,208
231: 22,238,263,118,47,236,273
232: 60,239,182,43,7,242
233: 143,138,198
234: 111,24,166,25,165,177
235: 72,32,279,249,173,253,262
236: 254,47,168,273,231
237: 216,64,92
238: 22,231,27,124,273,144
239: 167,60,153,182,232,275
240: 41,74,125,268,222
241: 10,48,211,219
242: 7,164,43,232
243: 23,205,82,265,36
244: 150,85,218,170
245: 129,98,137,77,93,210,229
246: 101,156,193,189,209
247: 227,94,96,203,45
248: 120,149,13,17,250,163
249: 147,185,15,173,253,21,235
250: 17,19,54,163,103,248
251: 95,100
252: 104,113,14,174,39
253: 249,173,21,87,262,235
254: 42,47,168,236,197,12,73
255: 0,191
256: 140,81,225,153,154
257: 187,149,155,9,17
258: 79,268,41
259: 59,184,188,33,55
260: 11,136,222,145
261: 147,15,263,206,175,131,22
262: 94,87,253,72,235
263: 147,173,261,118,22,231
264: 210,90,68,129,130
265: 34,205,243,82,37
266: 217,119,55,45,184
267: 49,71,184,70
268: 258,41,240,222,66
269: 49,71
270: 64,107,79
271: 65,201,228,274,43,60
272: 18,28,134,23,152
273: 168,236,238,231,144
274: 20,43,8,80,228,271
275: 167,60,239,65,207
276: 127,78,81,280
277: 121,90,85,218,91
278: 138,180
279: 133,32,235,173,118,47
280: 216,81,276,154