0: 49,70,45,35
6: 53,52,31,8,57
7: 20,16,43,30
8: 67,53,6,80,65
9: 13,65,67,12,19,17
10: 18,44,28,48
11: 74,82,37
12: 47,73,67,27,9,19
13: 9,65,81,60,17,54
14: 39,25,58
15: 24,21,25,31,22,57
16: 20,7,84,29,53
17: 19,36,82,13,9,54
18: 10,44,77,40,76,28,23
19: 17,36,9,73,76,12
20: 7,16,43,53,80
21: 24,56,15,22,72,32
22: 27,57,21,15,32,47
23: 34,28,76,36,18
24: 21,56,15,25,69,61
25: 14,39,31,61,24,15
26: 45,32,42,35,68,77
27: 22,67,57,47,12
28: 34,23,10,18
29: 51,84,16
30: 7,43,60,78
31: 6,52,39,25,15,57
32: 72,26,21,22,42,47
33: 59,63
34: 28,23,36,37
35: 68,45,26,0
36: 19,17,82,76,34,23,37
37: 36,82,11,34
38: 39,46,52
39: 14,38,25,31
40: 42,73,76,18,77
41: 74,66,54,79
42: 40,47,32,26,77
43: 20,7,30,80,60
44: 10,18,77,50,68,48
45: 72,26,70,75,0,35
46: 51,38,52,83
47: 42,73,12,22,27,32
48: 50,10,44
49: 70,71,0
50: 68,85,44,48
51: 46,84,29,83
52: 6,83,31,46,38
53: 6,83,20,16,8,80
54: 74,41,13,81,79,17
55: 71,75,69,59,56
56: 24,21,69,55,75,72
57: 22,27,6,31,15
58: 62,14,61
59: 33,63,71,55
60: 81,78,43,30,13
61: 69,63,58,62,25,24
62: 58,61,63
63: 33,69,59,61,62
64: 79,78
65: 13,80,9,8,67
66: 74,41
67: 8,27,9,65,12
68: 35,50,85,26,44,77
69: 61,63,24,56,55
70: 49,71,75,45,0
71: 49,70,55,59
72: 45,32,21,56,75
73: 40,47,76,12,19
74: 66,11,54,41,82
75: 70,55,56,72,45
76: 40,73,19,36,18,23
77: 18,44,26,40,42,68
78: 81,64,60,79,30
79: 81,64,78,54,41
80: 65,53,20,43,8
81: 60,79,78,13,54
82: 17,36,74,11,37
83: 53,52,46,51,84
84: 51,29,83,16
85: 50,68