0: 49,70,45,35
6: 53,52,31,57,8
7: 20,43,30
8: 65,53,6,20,67
9: 13,65,67,27,12,19,17
10: 28,44,48,18
11: 54,66,17,36,37
12: 40,47,27,9,19
13: 9,65,60,17,54
14: 39,58,25
15: 24,21,25,31,22
16: 20,29,51
17: 19,36,13,9,54,11
18: 10,28,44,40,42,23
19: 17,23,36,9,40,12
20: 7,16,53,43,8
21: 24,15,22,72,32,56
22: 27,57,21,15,47
23: 19,36,40,28,18,34
24: 21,15,61,69,55,56
25: 15,61,58,14,39
26: 45,32,42,35,68,44
27: 22,67,57,9,47,12
28: 10,18,23,34
29: 46,51,16
30: 60,7
31: 57,39,6,52,15
32: 72,45,26,21,42,47
33: 59,62,63
34: 37,23,36,28
35: 50,68,0,45,26
36: 19,17,23,11,34,37
37: 34,36,11
38: 39,46,52
39: 14,38,25,31
40: 42,47,12,19,23,18
41: 64,54,66
42: 40,47,32,26,44,18
43: 65,20,7
44: 10,48,18,26,42,68
45: 72,32,26,70,0,35
46: 29,38,52,51
47: 40,42,12,22,27,32
48: 10,44,50,68
49: 70,71,0
50: 35,68,48
51: 53,52,29,46,16
52: 53,6,51,46,38,31
53: 6,52,51,20,8
54: 66,11,13,60,41,17
55: 69,24,70,71,56
56: 72,55,24,21,70
57: 31,22,67,27,6
58: 14,62,25,61
59: 33,71
60: 30,64,13,54
61: 24,25,58,69,62,63
62: 33,63,58,61
63: 33,69,62,61
64: 60,41
65: 13,43,9,8,67
66: 54,11,41
67: 27,57,9,65,8
68: 35,50,26,44,48
69: 63,55,24,61
70: 49,71,0,55,45,56
71: 49,70,59,55
72: 45,32,56,21